67.0 0.02 0.1 0.1 2e-09 0.96 1470.6712126029186
67.0 0.02 0.1 0.1 2e-09 0.96 1470.6712126029186
67.0 0.02 0.1 0.1 2e-09 0.96 1470.6712126029186
67.0 0.02 0.1 0.1 2e-09 0.96 1470.6712126029186
68.62355022594033 0.02022925084494613 0.09701494084062717 0.07574346259208012 1.888206542724858e-09 0.9661024386053614 1469.4905403208304
68.62355022594033 0.02022925084494613 0.09701494084062717 0.07574346259208012 1.888206542724858e-09 0.9661024386053614 1469.4905403208304
68.62355022594033 0.02022925084494613 0.09701494084062717 0.07574346259208012 1.888206542724858e-09 0.9661024386053614 1469.4905403208304
68.62355022594033 0.02022925084494613 0.09701494084062717 0.07574346259208012 1.888206542724858e-09 0.9661024386053614 1469.4905403208304
68.62355022594033 0.02022925084494613 0.09701494084062717 0.07574346259208012 1.888206542724858e-09 0.9661024386053614 1469.4905403208304
68.62355022594033 0.02022925084494613 0.09701494084062717 0.07574346259208012 1.888206542724858e-09 0.9661024386053614 1469.4905403208304
69.82094065687608 0.020112095231004257 0.0925379034909306 0.12048771260473011 2.035377995372543e-09 0.9667325940730082 1436.1033731914176
70.18653855567666 0.019742403145788307 0.09022383988551494 0.1038416285201702 1.942122235709017e-09 0.9570736716477904 1428.7762739713714
70.18653855567666 0.019742403145788307 0.09022383988551494 0.1038416285201702 1.942122235709017e-09 0.9570736716477904 1428.7762739713714
71.12900808976808 0.020064089892717463 0.09011179509178754 0.12790953042177883 2.053918424886461e-09 0.9692898383850548 1415.7680473844669
71.12900808976808 0.020064089892717463 0.09011179509178754 0.12790953042177883 2.053918424886461e-09 0.9692898383850548 1415.7680473844669
75.14623179410815 0.020493769536702577 0.0810163766982425 0.15045314749317434 2.090149117531977e-09 0.9818437772326045 1396.8930871029315
75.14623179410815 0.020493769536702577 0.0810163766982425 0.15045314749317434 2.090149117531977e-09 0.9818437772326045 1396.8930871029315
76.06557429020744 0.020642585822631034 0.07947605113925307 0.13963684619180128 2.032753317535452e-09 0.981341155703877 1394.3345159337355
76.06557429020744 0.020642585822631034 0.07947605113925307 0.13963684619180128 2.032753317535452e-09 0.981341155703877 1394.3345159337355
76.06557429020744 0.020642585822631034 0.07947605113925307 0.13963684619180128 2.032753317535452e-09 0.981341155703877 1394.3345159337355
76.06557429020744 0.020642585822631034 0.07947605113925307 0.13963684619180128 2.032753317535452e-09 0.981341155703877 1394.3345159337355
74.1995453833037 0.020658826419182694 0.08521869439561905 0.12172032487467094 2.003220639992595e-09 0.9781671007508117 1390.6117313011466
74.1995453833037 0.020658826419182694 0.08521869439561905 0.12172032487467094 2.003220639992595e-09 0.9781671007508117 1390.6117313011466
74.1995453833037 0.020658826419182694 0.08521869439561905 0.12172032487467094 2.003220639992595e-09 0.9781671007508117 1390.6117313011466
74.1995453833037 0.020658826419182694 0.08521869439561905 0.12172032487467094 2.003220639992595e-09 0.9781671007508117 1390.6117313011466
74.1995453833037 0.020658826419182694 0.08521869439561905 0.12172032487467094 2.003220639992595e-09 0.9781671007508117 1390.6117313011466
77.70493921413885 0.021334814422164033 0.07922660647258802 0.16064512710149764 2.138907530731802e-09 0.9975962222192432 1378.8759863096752
77.70493921413885 0.021334814422164033 0.07922660647258802 0.16064512710149764 2.138907530731802e-09 0.9975962222192432 1378.8759863096752
77.70493921413885 0.021334814422164033 0.07922660647258802 0.16064512710149764 2.138907530731802e-09 0.9975962222192432 1378.8759863096752
77.70493921413885 0.021334814422164033 0.07922660647258802 0.16064512710149764 2.138907530731802e-09 0.9975962222192432 1378.8759863096752
77.70493921413885 0.021334814422164033 0.07922660647258802 0.16064512710149764 2.138907530731802e-09 0.9975962222192432 1378.8759863096752
76.01329181521015 0.020584530547118705 0.08120392366921768 0.10602388611550702 1.920160258814457e-09 0.9808093769007664 1377.0998280101312
77.99033052784205 0.020722067481602303 0.07752751883057472 0.17474249941659248 2.1823389907490708e-09 0.9930816716900736 1375.3663382347695
77.99033052784205 0.020722067481602303 0.07752751883057472 0.17474249941659248 2.1823389907490708e-09 0.9930816716900736 1375.3663382347695
78.0052378323338 0.020335231422693306 0.07728029386111326 0.10592999878857043 1.8862401582991485e-09 0.9762881832561247 1370.038491049634
78.0052378323338 0.020335231422693306 0.07728029386111326 0.10592999878857043 1.8862401582991485e-09 0.9762881832561247 1370.038491049634
78.0052378323338 0.020335231422693306 0.07728029386111326 0.10592999878857043 1.8862401582991485e-09 0.9762881832561247 1370.038491049634
78.0052378323338 0.020335231422693306 0.07728029386111326 0.10592999878857043 1.8862401582991485e-09 0.9762881832561247 1370.038491049634
78.0052378323338 0.020335231422693306 0.07728029386111326 0.10592999878857043 1.8862401582991485e-09 0.9762881832561247 1370.038491049634
78.0052378323338 0.020335231422693306 0.07728029386111326 0.10592999878857043 1.8862401582991485e-09 0.9762881832561247 1370.038491049634
78.0052378323338 0.020335231422693306 0.07728029386111326 0.10592999878857043 1.8862401582991485e-09 0.9762881832561247 1370.038491049634
78.0052378323338 0.020335231422693306 0.07728029386111326 0.10592999878857043 1.8862401582991485e-09 0.9762881832561247 1370.038491049634
76.01709371709745 0.020118698343727946 0.08216564200888939 0.09293208706617789 1.8591716001885196e-09 0.9657528757466586 1372.3546415354288
76.01709371709745 0.020118698343727946 0.08216564200888939 0.09293208706617789 1.8591716001885196e-09 0.9657528757466586 1372.3546415354288
76.01709371709745 0.020118698343727946 0.08216564200888939 0.09293208706617789 1.8591716001885196e-09 0.9657528757466586 1372.3546415354288
77.37612464633224 0.020622777497990456 0.08000639070570424 0.1966612479363204 2.276594775682547e-09 0.9798977201096599 1371.6456841819618
77.37612464633224 0.020622777497990456 0.08000639070570424 0.1966612479363204 2.276594775682547e-09 0.9798977201096599 1371.6456841819618
77.37612464633224 0.020622777497990456 0.08000639070570424 0.1966612479363204 2.276594775682547e-09 0.9798977201096599 1371.6456841819618
77.1687754218912 0.02038266949840816 0.07986405048540217 0.2169347624844915 2.3665206758812857e-09 0.9790295349165513 1374.2743736450768
75.60938505274163 0.01992898876471219 0.08133576005007309 0.12918384477487144 2.006526794195134e-09 0.9645544229605176 1351.4062096405717
75.60938505274163 0.01992898876471219 0.08133576005007309 0.12918384477487144 2.006526794195134e-09 0.9645544229605176 1351.4062096405717
75.60938505274163 0.01992898876471219 0.08133576005007309 0.12918384477487144 2.006526794195134e-09 0.9645544229605176 1351.4062096405717
75.60938505274163 0.01992898876471219 0.08133576005007309 0.12918384477487144 2.006526794195134e-09 0.9645544229605176 1351.4062096405717
76.04479487887167 0.01965730726415664 0.08029048157700454 0.17133655865029093 2.1743496340307025e-09 0.965186898628399 1351.7311054223633
76.04479487887167 0.01965730726415664 0.08029048157700454 0.17133655865029093 2.1743496340307025e-09 0.965186898628399 1351.7311054223633
76.46900136401493 0.019819209561248104 0.08196212944609442 0.16477454084578555 2.1711550710845115e-09 0.9718592908705561 1341.7503833069986
76.46900136401493 0.019819209561248104 0.08196212944609442 0.16477454084578555 2.1711550710845115e-09 0.9718592908705561 1341.7503833069986
76.46900136401493 0.019819209561248104 0.08196212944609442 0.16477454084578555 2.1711550710845115e-09 0.9718592908705561 1341.7503833069986
76.84259297523732 0.019971938410559175 0.08198729947011775 0.18056729838680466 2.2333326355806978e-09 0.9693575792045587 1339.265184727718
76.84259297523732 0.019971938410559175 0.08198729947011775 0.18056729838680466 2.2333326355806978e-09 0.9693575792045587 1339.265184727718
76.84259297523732 0.019971938410559175 0.08198729947011775 0.18056729838680466 2.2333326355806978e-09 0.9693575792045587 1339.265184727718
76.01111987597572 0.019886490788338856 0.08483902639414934 0.13244308844295893 2.053950725659068e-09 0.9655054226285891 1335.3033504329896
76.04593466432974 0.019883171715395245 0.08532493158148065 0.1327862565950086 2.0662089595807724e-09 0.9667144704011886 1328.7128014140233
76.04593466432974 0.019883171715395245 0.08532493158148065 0.1327862565950086 2.0662089595807724e-09 0.9667144704011886 1328.7128014140233
76.04593466432974 0.019883171715395245 0.08532493158148065 0.1327862565950086 2.0662089595807724e-09 0.9667144704011886 1328.7128014140233
76.38071999462268 0.01999649455279159 0.08586045111279994 0.12413010148478171 2.0427987556215683e-09 0.9713232901707964 1327.170957087451
76.38071999462268 0.01999649455279159 0.08586045111279994 0.12413010148478171 2.0427987556215683e-09 0.9713232901707964 1327.170957087451
75.76096597593049 0.020173472820472618 0.08768696797754313 0.11348582864883419 2.0191571358076633e-09 0.9736589903734608 1324.2336320003242
75.76096597593049 0.020173472820472618 0.08768696797754313 0.11348582864883419 2.0191571358076633e-09 0.9736589903734608 1324.2336320003242
76.19532173855684 0.020484888720079655 0.08697099105771375 0.09319451576326392 1.936301971283613e-09 0.9774807853991453 1322.0562446504478
76.19532173855684 0.020484888720079655 0.08697099105771375 0.09319451576326392 1.936301971283613e-09 0.9774807853991453 1322.0562446504478
76.19532173855684 0.020484888720079655 0.08697099105771375 0.09319451576326392 1.936301971283613e-09 0.9774807853991453 1322.0562446504478
76.19532173855684 0.020484888720079655 0.08697099105771375 0.09319451576326392 1.936301971283613e-09 0.9774807853991453 1322.0562446504478
76.19532173855684 0.020484888720079655 0.08697099105771375 0.09319451576326392 1.936301971283613e-09 0.9774807853991453 1322.0562446504478
76.19532173855684 0.020484888720079655 0.08697099105771375 0.09319451576326392 1.936301971283613e-09 0.9774807853991453 1322.0562446504478
76.19532173855684 0.020484888720079655 0.08697099105771375 0.09319451576326392 1.936301971283613e-09 0.9774807853991453 1322.0562446504478
76.19532173855684 0.020484888720079655 0.08697099105771375 0.09319451576326392 1.936301971283613e-09 0.9774807853991453 1322.0562446504478
76.19532173855684 0.020484888720079655 0.08697099105771375 0.09319451576326392 1.936301971283613e-09 0.9774807853991453 1322.0562446504478
76.19532173855684 0.020484888720079655 0.08697099105771375 0.09319451576326392 1.936301971283613e-09 0.9774807853991453 1322.0562446504478
76.19532173855684 0.020484888720079655 0.08697099105771375 0.09319451576326392 1.936301971283613e-09 0.9774807853991453 1322.0562446504478
76.19532173855684 0.020484888720079655 0.08697099105771375 0.09319451576326392 1.936301971283613e-09 0.9774807853991453 1322.0562446504478
76.19532173855684 0.020484888720079655 0.08697099105771375 0.09319451576326392 1.936301971283613e-09 0.9774807853991453 1322.0562446504478
78.9627425970912 0.020653403979207372 0.08066455832757369 0.15533038211419709 2.150253276001744e-09 0.9859817672688551 1313.2243080169624
78.9627425970912 0.020653403979207372 0.08066455832757369 0.15533038211419709 2.150253276001744e-09 0.9859817672688551 1313.2243080169624
78.9627425970912 0.020653403979207372 0.08066455832757369 0.15533038211419709 2.150253276001744e-09 0.9859817672688551 1313.2243080169624
78.9627425970912 0.020653403979207372 0.08066455832757369 0.15533038211419709 2.150253276001744e-09 0.9859817672688551 1313.2243080169624
78.9627425970912 0.020653403979207372 0.08066455832757369 0.15533038211419709 2.150253276001744e-09 0.9859817672688551 1313.2243080169624
78.9627425970912 0.020653403979207372 0.08066455832757369 0.15533038211419709 2.150253276001744e-09 0.9859817672688551 1313.2243080169624
78.9627425970912 0.020653403979207372 0.08066455832757369 0.15533038211419709 2.150253276001744e-09 0.9859817672688551 1313.2243080169624
78.9627425970912 0.020653403979207372 0.08066455832757369 0.15533038211419709 2.150253276001744e-09 0.9859817672688551 1313.2243080169624
78.9627425970912 0.020653403979207372 0.08066455832757369 0.15533038211419709 2.150253276001744e-09 0.9859817672688551 1313.2243080169624
78.9627425970912 0.020653403979207372 0.08066455832757369 0.15533038211419709 2.150253276001744e-09 0.9859817672688551 1313.2243080169624
78.9627425970912 0.020653403979207372 0.08066455832757369 0.15533038211419709 2.150253276001744e-09 0.9859817672688551 1313.2243080169624
78.9627425970912 0.020653403979207372 0.08066455832757369 0.15533038211419709 2.150253276001744e-09 0.9859817672688551 1313.2243080169624
78.9627425970912 0.020653403979207372 0.08066455832757369 0.15533038211419709 2.150253276001744e-09 0.9859817672688551 1313.2243080169624
78.9627425970912 0.020653403979207372 0.08066455832757369 0.15533038211419709 2.150253276001744e-09 0.9859817672688551 1313.2243080169624
76.92046329103138 0.020102452564635324 0.08360194920505348 0.12905787760722498 2.0568323845477576e-09 0.973419236799057 1313.9438079015008
76.92046329103138 0.020102452564635324 0.08360194920505348 0.12905787760722498 2.0568323845477576e-09 0.973419236799057 1313.9438079015008
76.29168689529286 0.020135391828917555 0.08615369236609625 0.1440563144269923 2.134348314937335e-09 0.9699662580309162 1311.1887061615005
76.85674545072034 0.0200815616656479 0.08529160172111014 0.11196819261384408 1.992658219453138e-09 0.9632281895287326 1305.299887568189
76.85674545072034 0.0200815616656479 0.08529160172111014 0.11196819261384408 1.992658219453138e-09 0.9632281895287326 1305.299887568189
76.85674545072034 0.0200815616656479 0.08529160172111014 0.11196819261384408 1.992658219453138e-09 0.9632281895287326 1305.299887568189
76.85674545072034 0.0200815616656479 0.08529160172111014 0.11196819261384408 1.992658219453138e-09 0.9632281895287326 1305.299887568189
76.85455149160826 0.019966126783096325 0.08450378928548291 0.11732409438590206 2.0134756600168162e-09 0.9662159616399506 1307.7094405568453
76.85455149160826 0.019966126783096325 0.08450378928548291 0.11732409438590206 2.0134756600168162e-09 0.9662159616399506 1307.7094405568453
76.85455149160826 0.019966126783096325 0.08450378928548291 0.11732409438590206 2.0134756600168162e-09 0.9662159616399506 1307.7094405568453
76.85455149160826 0.019966126783096325 0.08450378928548291 0.11732409438590206 2.0134756600168162e-09 0.9662159616399506 1307.7094405568453
76.85455149160826 0.019966126783096325 0.08450378928548291 0.11732409438590206 2.0134756600168162e-09 0.9662159616399506 1307.7094405568453
76.4617495046969 0.0196588371795741 0.08426394319121111 0.11324946203168103 1.9890313238459752e-09 0.9575131456130705 1309.3053320908105
76.4617495046969 0.0196588371795741 0.08426394319121111 0.11324946203168103 1.9890313238459752e-09 0.9575131456130705 1309.3053320908105
76.4617495046969 0.0196588371795741 0.08426394319121111 0.11324946203168103 1.9890313238459752e-09 0.9575131456130705 1309.3053320908105
76.4617495046969 0.0196588371795741 0.08426394319121111 0.11324946203168103 1.9890313238459752e-09 0.9575131456130705 1309.3053320908105
76.4617495046969 0.0196588371795741 0.08426394319121111 0.11324946203168103 1.9890313238459752e-09 0.9575131456130705 1309.3053320908105
76.4617495046969 0.0196588371795741 0.08426394319121111 0.11324946203168103 1.9890313238459752e-09 0.9575131456130705 1309.3053320908105
78.07441282087719 0.020230562051519765 0.08225024472485871 0.12364914323571792 2.028798219240075e-09 0.9690915438707568 1301.8251557072485
78.07441282087719 0.020230562051519765 0.08225024472485871 0.12364914323571792 2.028798219240075e-09 0.9690915438707568 1301.8251557072485
78.07441282087719 0.020230562051519765 0.08225024472485871 0.12364914323571792 2.028798219240075e-09 0.9690915438707568 1301.8251557072485
78.59127250318843 0.020719101760054218 0.0823800857414531 0.11494180634625079 1.9995999608384007e-09 0.9756706769412943 1296.3924863422471
78.59127250318843 0.020719101760054218 0.0823800857414531 0.11494180634625079 1.9995999608384007e-09 0.9756706769412943 1296.3924863422471
78.59127250318843 0.020719101760054218 0.0823800857414531 0.11494180634625079 1.9995999608384007e-09 0.9756706769412943 1296.3924863422471
78.74622125920604 0.020793725520174222 0.08378765653214007 0.14611512709541258 2.1395578603376018e-09 0.9756944389093521 1290.4985896003525
78.74622125920604 0.020793725520174222 0.08378765653214007 0.14611512709541258 2.1395578603376018e-09 0.9756944389093521 1290.4985896003525
80.54022956496132 0.02092833109287853 0.08027883698745211 0.13691656719702505 2.07771630883385e-09 0.9748428291455982 1290.9946407604227
80.54022956496132 0.02092833109287853 0.08027883698745211 0.13691656719702505 2.07771630883385e-09 0.9748428291455982 1290.9946407604227
81.36184064387909 0.021178519469294003 0.07981172054420727 0.15061944241314973 2.1366273807501397e-09 0.9854612464545899 1290.8352634770622
81.36184064387909 0.021178519469294003 0.07981172054420727 0.15061944241314973 2.1366273807501397e-09 0.9854612464545899 1290.8352634770622
81.36184064387909 0.021178519469294003 0.07981172054420727 0.15061944241314973 2.1366273807501397e-09 0.9854612464545899 1290.8352634770622
81.36184064387909 0.021178519469294003 0.07981172054420727 0.15061944241314973 2.1366273807501397e-09 0.9854612464545899 1290.8352634770622
80.27016932684009 0.021175166705655363 0.08207783189801167 0.10404199134996178 1.9655092425773067e-09 0.9833721006340784 1288.2820721474013
80.27016932684009 0.021175166705655363 0.08207783189801167 0.10404199134996178 1.9655092425773067e-09 0.9833721006340784 1288.2820721474013
79.96400293976643 0.020900839069375097 0.08143485671929747 0.15571367364968253 2.1695216205754356e-09 0.978907316050756 1289.2270174502844
79.96400293976643 0.020900839069375097 0.08143485671929747 0.15571367364968253 2.1695216205754356e-09 0.978907316050756 1289.2270174502844
79.96400293976643 0.020900839069375097 0.08143485671929747 0.15571367364968253 2.1695216205754356e-09 0.978907316050756 1289.2270174502844
79.96400293976643 0.020900839069375097 0.08143485671929747 0.15571367364968253 2.1695216205754356e-09 0.978907316050756 1289.2270174502844
79.96400293976643 0.020900839069375097 0.08143485671929747 0.15571367364968253 2.1695216205754356e-09 0.978907316050756 1289.2270174502844
79.96400293976643 0.020900839069375097 0.08143485671929747 0.15571367364968253 2.1695216205754356e-09 0.978907316050756 1289.2270174502844
79.96400293976643 0.020900839069375097 0.08143485671929747 0.15571367364968253 2.1695216205754356e-09 0.978907316050756 1289.2270174502844
79.96400293976643 0.020900839069375097 0.08143485671929747 0.15571367364968253 2.1695216205754356e-09 0.978907316050756 1289.2270174502844
79.96400293976643 0.020900839069375097 0.08143485671929747 0.15571367364968253 2.1695216205754356e-09 0.978907316050756 1289.2270174502844
79.96400293976643 0.020900839069375097 0.08143485671929747 0.15571367364968253 2.1695216205754356e-09 0.978907316050756 1289.2270174502844
81.67481377680149 0.021693182292018217 0.08028716854983825 0.1755972447737951 2.2544549086192308e-09 0.9922239375234473 1285.5880512185026
81.3467565792975 0.021355194638877528 0.0824639940805926 0.11050566645057572 2.0031833796254244e-09 0.9834879120653047 1280.3087320587176
81.3467565792975 0.021355194638877528 0.0824639940805926 0.11050566645057572 2.0031833796254244e-09 0.9834879120653047 1280.3087320587176
81.3467565792975 0.021355194638877528 0.0824639940805926 0.11050566645057572 2.0031833796254244e-09 0.9834879120653047 1280.3087320587176
81.3467565792975 0.021355194638877528 0.0824639940805926 0.11050566645057572 2.0031833796254244e-09 0.9834879120653047 1280.3087320587176
81.3467565792975 0.021355194638877528 0.0824639940805926 0.11050566645057572 2.0031833796254244e-09 0.9834879120653047 1280.3087320587176
81.3467565792975 0.021355194638877528 0.0824639940805926 0.11050566645057572 2.0031833796254244e-09 0.9834879120653047 1280.3087320587176
81.3467565792975 0.021355194638877528 0.0824639940805926 0.11050566645057572 2.0031833796254244e-09 0.9834879120653047 1280.3087320587176
81.3467565792975 0.021355194638877528 0.0824639940805926 0.11050566645057572 2.0031833796254244e-09 0.9834879120653047 1280.3087320587176
81.3467565792975 0.021355194638877528 0.0824639940805926 0.11050566645057572 2.0031833796254244e-09 0.9834879120653047 1280.3087320587176
81.3467565792975 0.021355194638877528 0.0824639940805926 0.11050566645057572 2.0031833796254244e-09 0.9834879120653047 1280.3087320587176
81.3467565792975 0.021355194638877528 0.0824639940805926 0.11050566645057572 2.0031833796254244e-09 0.9834879120653047 1280.3087320587176
81.3467565792975 0.021355194638877528 0.0824639940805926 0.11050566645057572 2.0031833796254244e-09 0.9834879120653047 1280.3087320587176
81.3467565792975 0.021355194638877528 0.0824639940805926 0.11050566645057572 2.0031833796254244e-09 0.9834879120653047 1280.3087320587176
81.3467565792975 0.021355194638877528 0.0824639940805926 0.11050566645057572 2.0031833796254244e-09 0.9834879120653047 1280.3087320587176
81.3467565792975 0.021355194638877528 0.0824639940805926 0.11050566645057572 2.0031833796254244e-09 0.9834879120653047 1280.3087320587176
81.62433292377858 0.02171006730751596 0.08406709333772441 0.10522906852474867 1.9976766828906006e-09 0.9885585773569077 1278.9181749965492
81.62433292377858 0.02171006730751596 0.08406709333772441 0.10522906852474867 1.9976766828906006e-09 0.9885585773569077 1278.9181749965492
81.62433292377858 0.02171006730751596 0.08406709333772441 0.10522906852474867 1.9976766828906006e-09 0.9885585773569077 1278.9181749965492
81.62433292377858 0.02171006730751596 0.08406709333772441 0.10522906852474867 1.9976766828906006e-09 0.9885585773569077 1278.9181749965492
81.62433292377858 0.02171006730751596 0.08406709333772441 0.10522906852474867 1.9976766828906006e-09 0.9885585773569077 1278.9181749965492
81.62433292377858 0.02171006730751596 0.08406709333772441 0.10522906852474867 1.9976766828906006e-09 0.9885585773569077 1278.9181749965492
81.62433292377858 0.02171006730751596 0.08406709333772441 0.10522906852474867 1.9976766828906006e-09 0.9885585773569077 1278.9181749965492
81.62433292377858 0.02171006730751596 0.08406709333772441 0.10522906852474867 1.9976766828906006e-09 0.9885585773569077 1278.9181749965492
81.62433292377858 0.02171006730751596 0.08406709333772441 0.10522906852474867 1.9976766828906006e-09 0.9885585773569077 1278.9181749965492
81.62433292377858 0.02171006730751596 0.08406709333772441 0.10522906852474867 1.9976766828906006e-09 0.9885585773569077 1278.9181749965492
81.62433292377858 0.02171006730751596 0.08406709333772441 0.10522906852474867 1.9976766828906006e-09 0.9885585773569077 1278.9181749965492
81.62433292377858 0.02171006730751596 0.08406709333772441 0.10522906852474867 1.9976766828906006e-09 0.9885585773569077 1278.9181749965492
79.93041694786412 0.02159869102569146 0.08645935894597784 0.08369260773871445 1.9236476768132342e-09 0.9803219316301861 1276.4106214475241
78.16176346789716 0.021706653973969182 0.09091800896989985 0.11717269363471201 2.090445704947189e-09 0.9804302993652327 1275.9222921061216
78.16176346789716 0.021706653973969182 0.09091800896989985 0.11717269363471201 2.090445704947189e-09 0.9804302993652327 1275.9222921061216
78.16176346789716 0.021706653973969182 0.09091800896989985 0.11717269363471201 2.090445704947189e-09 0.9804302993652327 1275.9222921061216
77.76179498079425 0.0215524292346064 0.0919586730757974 0.13607311971336183 2.174979853006099e-09 0.9732809844303535 1274.7656440312824
78.49728446869992 0.021277584087618297 0.08906071471205448 0.13530185941162118 2.1416267000800847e-09 0.965625685786667 1275.4097766435548
78.49728446869992 0.021277584087618297 0.08906071471205448 0.13530185941162118 2.1416267000800847e-09 0.965625685786667 1275.4097766435548
78.49728446869992 0.021277584087618297 0.08906071471205448 0.13530185941162118 2.1416267000800847e-09 0.965625685786667 1275.4097766435548
78.49728446869992 0.021277584087618297 0.08906071471205448 0.13530185941162118 2.1416267000800847e-09 0.965625685786667 1275.4097766435548
78.49728446869992 0.021277584087618297 0.08906071471205448 0.13530185941162118 2.1416267000800847e-09 0.965625685786667 1275.4097766435548
78.49728446869992 0.021277584087618297 0.08906071471205448 0.13530185941162118 2.1416267000800847e-09 0.965625685786667 1275.4097766435548
78.49728446869992 0.021277584087618297 0.08906071471205448 0.13530185941162118 2.1416267000800847e-09 0.965625685786667 1275.4097766435548
78.49728446869992 0.021277584087618297 0.08906071471205448 0.13530185941162118 2.1416267000800847e-09 0.965625685786667 1275.4097766435548
78.49728446869992 0.021277584087618297 0.08906071471205448 0.13530185941162118 2.1416267000800847e-09 0.965625685786667 1275.4097766435548
78.49728446869992 0.021277584087618297 0.08906071471205448 0.13530185941162118 2.1416267000800847e-09 0.965625685786667 1275.4097766435548
78.49728446869992 0.021277584087618297 0.08906071471205448 0.13530185941162118 2.1416267000800847e-09 0.965625685786667 1275.4097766435548
78.49728446869992 0.021277584087618297 0.08906071471205448 0.13530185941162118 2.1416267000800847e-09 0.965625685786667 1275.4097766435548
78.49728446869992 0.021277584087618297 0.08906071471205448 0.13530185941162118 2.1416267000800847e-09 0.965625685786667 1275.4097766435548
79.29780364096035 0.02142753662173084 0.08846885862941788 0.11507071357687818 2.056511228973461e-09 0.9658154878065424 1274.1217885477104
79.29780364096035 0.02142753662173084 0.08846885862941788 0.11507071357687818 2.056511228973461e-09 0.9658154878065424 1274.1217885477104
79.29780364096035 0.02142753662173084 0.08846885862941788 0.11507071357687818 2.056511228973461e-09 0.9658154878065424 1274.1217885477104
79.29780364096035 0.02142753662173084 0.08846885862941788 0.11507071357687818 2.056511228973461e-09 0.9658154878065424 1274.1217885477104
79.29780364096035 0.02142753662173084 0.08846885862941788 0.11507071357687818 2.056511228973461e-09 0.9658154878065424 1274.1217885477104
79.29780364096035 0.02142753662173084 0.08846885862941788 0.11507071357687818 2.056511228973461e-09 0.9658154878065424 1274.1217885477104
79.29780364096035 0.02142753662173084 0.08846885862941788 0.11507071357687818 2.056511228973461e-09 0.9658154878065424 1274.1217885477104
79.23066025879531 0.02125737593915083 0.08768060833677756 0.07786263319701331 1.900082167762617e-09 0.9610090594986239 1275.1547272082157
79.07345261241025 0.02161068293567653 0.09104183085809688 0.08390127718790881 1.9662488648182876e-09 0.968611661224462 1267.4046795396714
78.21314490018197 0.021389961045322852 0.0910101083477395 0.08112503216667152 1.9491822630214503e-09 0.96405527636198 1265.9877884529053
78.21314490018197 0.021389961045322852 0.0910101083477395 0.08112503216667152 1.9491822630214503e-09 0.96405527636198 1265.9877884529053
78.21314490018197 0.021389961045322852 0.0910101083477395 0.08112503216667152 1.9491822630214503e-09 0.96405527636198 1265.9877884529053
78.21314490018197 0.021389961045322852 0.0910101083477395 0.08112503216667152 1.9491822630214503e-09 0.96405527636198 1265.9877884529053
78.21314490018197 0.021389961045322852 0.0910101083477395 0.08112503216667152 1.9491822630214503e-09 0.96405527636198 1265.9877884529053
78.21314490018197 0.021389961045322852 0.0910101083477395 0.08112503216667152 1.9491822630214503e-09 0.96405527636198 1265.9877884529053
78.23370712358907 0.02136578743718899 0.09107155596824211 0.10441876685143535 2.047406308645026e-09 0.9675952014535585 1265.2469965014288
78.23370712358907 0.02136578743718899 0.09107155596824211 0.10441876685143535 2.047406308645026e-09 0.9675952014535585 1265.2469965014288
78.23370712358907 0.02136578743718899 0.09107155596824211 0.10441876685143535 2.047406308645026e-09 0.9675952014535585 1265.2469965014288
78.23370712358907 0.02136578743718899 0.09107155596824211 0.10441876685143535 2.047406308645026e-09 0.9675952014535585 1265.2469965014288
78.23370712358907 0.02136578743718899 0.09107155596824211 0.10441876685143535 2.047406308645026e-09 0.9675952014535585 1265.2469965014288
78.23370712358907 0.02136578743718899 0.09107155596824211 0.10441876685143535 2.047406308645026e-09 0.9675952014535585 1265.2469965014288
78.23370712358907 0.02136578743718899 0.09107155596824211 0.10441876685143535 2.047406308645026e-09 0.9675952014535585 1265.2469965014288
78.23370712358907 0.02136578743718899 0.09107155596824211 0.10441876685143535 2.047406308645026e-09 0.9675952014535585 1265.2469965014288
77.66655210103286 0.02148781485632648 0.09189625364190152 0.1360177776444058 2.1991347875291243e-09 0.9777840270235222 1259.9456430287992
77.66655210103286 0.02148781485632648 0.09189625364190152 0.1360177776444058 2.1991347875291243e-09 0.9777840270235222 1259.9456430287992
77.66655210103286 0.02148781485632648 0.09189625364190152 0.1360177776444058 2.1991347875291243e-09 0.9777840270235222 1259.9456430287992
77.66655210103286 0.02148781485632648 0.09189625364190152 0.1360177776444058 2.1991347875291243e-09 0.9777840270235222 1259.9456430287992
77.66655210103286 0.02148781485632648 0.09189625364190152 0.1360177776444058 2.1991347875291243e-09 0.9777840270235222 1259.9456430287992
77.66655210103286 0.02148781485632648 0.09189625364190152 0.1360177776444058 2.1991347875291243e-09 0.9777840270235222 1259.9456430287992
77.66655210103286 0.02148781485632648 0.09189625364190152 0.1360177776444058 2.1991347875291243e-09 0.9777840270235222 1259.9456430287992
77.66655210103286 0.02148781485632648 0.09189625364190152 0.1360177776444058 2.1991347875291243e-09 0.9777840270235222 1259.9456430287992
77.66655210103286 0.02148781485632648 0.09189625364190152 0.1360177776444058 2.1991347875291243e-09 0.9777840270235222 1259.9456430287992
76.00966602814592 0.02140492907151894 0.09451786600166329 0.10016174980724878 2.064241984703307e-09 0.9728425168186797 1256.6091236264795
76.00966602814592 0.02140492907151894 0.09451786600166329 0.10016174980724878 2.064241984703307e-09 0.9728425168186797 1256.6091236264795
76.00966602814592 0.02140492907151894 0.09451786600166329 0.10016174980724878 2.064241984703307e-09 0.9728425168186797 1256.6091236264795
76.00966602814592 0.02140492907151894 0.09451786600166329 0.10016174980724878 2.064241984703307e-09 0.9728425168186797 1256.6091236264795
76.00966602814592 0.02140492907151894 0.09451786600166329 0.10016174980724878 2.064241984703307e-09 0.9728425168186797 1256.6091236264795
76.31217387088044 0.021564211184368343 0.09466333644609742 0.09299922660409023 2.0277595842542956e-09 0.9669134631016563 1257.1041845923887
76.31217387088044 0.021564211184368343 0.09466333644609742 0.09299922660409023 2.0277595842542956e-09 0.9669134631016563 1257.1041845923887
76.31217387088044 0.021564211184368343 0.09466333644609742 0.09299922660409023 2.0277595842542956e-09 0.9669134631016563 1257.1041845923887
75.92115422066574 0.021669058646326775 0.09671080081994368 0.11819672339007302 2.1518949946423574e-09 0.9720513913347162 1259.2253241223216
75.92115422066574 0.021669058646326775 0.09671080081994368 0.11819672339007302 2.1518949946423574e-09 0.9720513913347162 1259.2253241223216
75.92115422066574 0.021669058646326775 0.09671080081994368 0.11819672339007302 2.1518949946423574e-09 0.9720513913347162 1259.2253241223216
75.92115422066574 0.021669058646326775 0.09671080081994368 0.11819672339007302 2.1518949946423574e-09 0.9720513913347162 1259.2253241223216
75.92115422066574 0.021669058646326775 0.09671080081994368 0.11819672339007302 2.1518949946423574e-09 0.9720513913347162 1259.2253241223216
75.92115422066574 0.021669058646326775 0.09671080081994368 0.11819672339007302 2.1518949946423574e-09 0.9720513913347162 1259.2253241223216
75.92115422066574 0.021669058646326775 0.09671080081994368 0.11819672339007302 2.1518949946423574e-09 0.9720513913347162 1259.2253241223216
75.77287939828729 0.021794949670696957 0.0964286206921996 0.14300758355237808 2.257813582091921e-09 0.9773016290240002 1260.4658726476832
75.77287939828729 0.021794949670696957 0.0964286206921996 0.14300758355237808 2.257813582091921e-09 0.9773016290240002 1260.4658726476832
76.09331703427301 0.021506585667072795 0.09483595247357128 0.08536885245877235 2.0040025780554762e-09 0.9742387416927556 1259.1265300214836
76.09331703427301 0.021506585667072795 0.09483595247357128 0.08536885245877235 2.0040025780554762e-09 0.9742387416927556 1259.1265300214836
76.09331703427301 0.021506585667072795 0.09483595247357128 0.08536885245877235 2.0040025780554762e-09 0.9742387416927556 1259.1265300214836
76.09331703427301 0.021506585667072795 0.09483595247357128 0.08536885245877235 2.0040025780554762e-09 0.9742387416927556 1259.1265300214836
76.09331703427301 0.021506585667072795 0.09483595247357128 0.08536885245877235 2.0040025780554762e-09 0.9742387416927556 1259.1265300214836
76.09331703427301 0.021506585667072795 0.09483595247357128 0.08536885245877235 2.0040025780554762e-09 0.9742387416927556 1259.1265300214836
76.09331703427301 0.021506585667072795 0.09483595247357128 0.08536885245877235 2.0040025780554762e-09 0.9742387416927556 1259.1265300214836
76.09331703427301 0.021506585667072795 0.09483595247357128 0.08536885245877235 2.0040025780554762e-09 0.9742387416927556 1259.1265300214836
75.54990634983248 0.02158440676968012 0.09652501471013006 0.080725735740343 2.001390750026954e-09 0.9703625575813116 1252.501830386177
76.46298119504982 0.02189200662674344 0.094706111083358 0.11588415368458241 2.128975882563717e-09 0.9720633932999367 1252.661164073173
76.46298119504982 0.02189200662674344 0.094706111083358 0.11588415368458241 2.128975882563717e-09 0.9720633932999367 1252.661164073173
76.9866397215629 0.022305323508220076 0.09542598243101792 0.1274490325273012 2.1977162210731496e-09 0.9803953793039265 1247.9919595918575
76.9866397215629 0.022305323508220076 0.09542598243101792 0.1274490325273012 2.1977162210731496e-09 0.9803953793039265 1247.9919595918575
76.9866397215629 0.022305323508220076 0.09542598243101792 0.1274490325273012 2.1977162210731496e-09 0.9803953793039265 1247.9919595918575
76.9866397215629 0.022305323508220076 0.09542598243101792 0.1274490325273012 2.1977162210731496e-09 0.9803953793039265 1247.9919595918575
76.9866397215629 0.022305323508220076 0.09542598243101792 0.1274490325273012 2.1977162210731496e-09 0.9803953793039265 1247.9919595918575
76.9866397215629 0.022305323508220076 0.09542598243101792 0.1274490325273012 2.1977162210731496e-09 0.9803953793039265 1247.9919595918575
76.9866397215629 0.022305323508220076 0.09542598243101792 0.1274490325273012 2.1977162210731496e-09 0.9803953793039265 1247.9919595918575
76.9866397215629 0.022305323508220076 0.09542598243101792 0.1274490325273012 2.1977162210731496e-09 0.9803953793039265 1247.9919595918575
76.9866397215629 0.022305323508220076 0.09542598243101792 0.1274490325273012 2.1977162210731496e-09 0.9803953793039265 1247.9919595918575
76.9866397215629 0.022305323508220076 0.09542598243101792 0.1274490325273012 2.1977162210731496e-09 0.9803953793039265 1247.9919595918575
76.90868280636613 0.02185942968006514 0.0926302883053457 0.12055586644454233 2.145233166030589e-09 0.9789019371535147 1249.9551095519269
76.90868280636613 0.02185942968006514 0.0926302883053457 0.12055586644454233 2.145233166030589e-09 0.9789019371535147 1249.9551095519269
76.90868280636613 0.02185942968006514 0.0926302883053457 0.12055586644454233 2.145233166030589e-09 0.9789019371535147 1249.9551095519269
76.90868280636613 0.02185942968006514 0.0926302883053457 0.12055586644454233 2.145233166030589e-09 0.9789019371535147 1249.9551095519269
76.90868280636613 0.02185942968006514 0.0926302883053457 0.12055586644454233 2.145233166030589e-09 0.9789019371535147 1249.9551095519269
76.90868280636613 0.02185942968006514 0.0926302883053457 0.12055586644454233 2.145233166030589e-09 0.9789019371535147 1249.9551095519269
76.90868280636613 0.02185942968006514 0.0926302883053457 0.12055586644454233 2.145233166030589e-09 0.9789019371535147 1249.9551095519269
76.74560538080893 0.022425600286752778 0.09523967119836366 0.13103111206540174 2.222998422039623e-09 0.9899663477007695 1244.7112752683347
75.42010928113275 0.022287357822483117 0.09910366262774639 0.09906620252779663 2.1207843891262273e-09 0.9831776775980288 1240.1526776584155
75.42010928113275 0.022287357822483117 0.09910366262774639 0.09906620252779663 2.1207843891262273e-09 0.9831776775980288 1240.1526776584155
75.42010928113275 0.022287357822483117 0.09910366262774639 0.09906620252779663 2.1207843891262273e-09 0.9831776775980288 1240.1526776584155
75.42010928113275 0.022287357822483117 0.09910366262774639 0.09906620252779663 2.1207843891262273e-09 0.9831776775980288 1240.1526776584155
71.64822230306386 0.021696064880745505 0.10721786183943241 0.04178775862209076 1.9337639933580753e-09 0.9596248860602357 1239.4768212527615
71.64822230306386 0.021696064880745505 0.10721786183943241 0.04178775862209076 1.9337639933580753e-09 0.9596248860602357 1239.4768212527615
72.2198798129927 0.021732837015614674 0.10431918540945304 0.08780850763900952 2.0997810407892966e-09 0.96108036323971 1237.3013113410188
72.2198798129927 0.021732837015614674 0.10431918540945304 0.08780850763900952 2.0997810407892966e-09 0.96108036323971 1237.3013113410188
72.2198798129927 0.021732837015614674 0.10431918540945304 0.08780850763900952 2.0997810407892966e-09 0.96108036323971 1237.3013113410188
72.2198798129927 0.021732837015614674 0.10431918540945304 0.08780850763900952 2.0997810407892966e-09 0.96108036323971 1237.3013113410188
72.2198798129927 0.021732837015614674 0.10431918540945304 0.08780850763900952 2.0997810407892966e-09 0.96108036323971 1237.3013113410188
71.61997539769332 0.022057806548704796 0.10593373889385316 0.1305409323910643 2.2869225122651175e-09 0.9648803501738504 1243.4120351045995
73.062132167666 0.022308059838736346 0.10320343539069259 0.14875318193898535 2.3505167892496527e-09 0.9717030999858804 1245.5249038216994
69.78958870567622 0.021744213208096892 0.11039161401258578 0.07915314486010203 2.1091633157557376e-09 0.951414646181233 1234.2177885352871
69.78958870567622 0.021744213208096892 0.11039161401258578 0.07915314486010203 2.1091633157557376e-09 0.951414646181233 1234.2177885352871
69.78958870567622 0.021744213208096892 0.11039161401258578 0.07915314486010203 2.1091633157557376e-09 0.951414646181233 1234.2177885352871
68.80034896574112 0.021731343152805203 0.11292340562533425 0.03200361377123401 1.932250508551514e-09 0.9474653028773418 1233.4004347101472
70.83175430809352 0.02188645445885257 0.10764057660363269 0.08086111531162768 2.1006255643708067e-09 0.9560903099936072 1233.5973166243643
72.38884637206876 0.022463751192882492 0.10732041125822032 0.059163419022034716 2.0288562718437977e-09 0.9698026004251489 1231.1944138550666
72.38884637206876 0.022463751192882492 0.10732041125822032 0.059163419022034716 2.0288562718437977e-09 0.9698026004251489 1231.1944138550666
72.38884637206876 0.022463751192882492 0.10732041125822032 0.059163419022034716 2.0288562718437977e-09 0.9698026004251489 1231.1944138550666
72.38884637206876 0.022463751192882492 0.10732041125822032 0.059163419022034716 2.0288562718437977e-09 0.9698026004251489 1231.1944138550666
72.38884637206876 0.022463751192882492 0.10732041125822032 0.059163419022034716 2.0288562718437977e-09 0.9698026004251489 1231.1944138550666
72.38884637206876 0.022463751192882492 0.10732041125822032 0.059163419022034716 2.0288562718437977e-09 0.9698026004251489 1231.1944138550666
72.38884637206876 0.022463751192882492 0.10732041125822032 0.059163419022034716 2.0288562718437977e-09 0.9698026004251489 1231.1944138550666
72.38884637206876 0.022463751192882492 0.10732041125822032 0.059163419022034716 2.0288562718437977e-09 0.9698026004251489 1231.1944138550666
73.69498553426504 0.022742527474520227 0.10374337431333473 0.06708501360246039 2.0334396236299356e-09 0.974517101639962 1233.2666531715865
73.69498553426504 0.022742527474520227 0.10374337431333473 0.06708501360246039 2.0334396236299356e-09 0.974517101639962 1233.2666531715865
73.69498553426504 0.022742527474520227 0.10374337431333473 0.06708501360246039 2.0334396236299356e-09 0.974517101639962 1233.2666531715865
73.69498553426504 0.022742527474520227 0.10374337431333473 0.06708501360246039 2.0334396236299356e-09 0.974517101639962 1233.2666531715865
76.38681806913249 0.023296518731246794 0.10085897579157774 0.1235715409000376 2.2649477535328713e-09 0.9972248702341191 1234.301353552388
76.38681806913249 0.023296518731246794 0.10085897579157774 0.1235715409000376 2.2649477535328713e-09 0.9972248702341191 1234.301353552388
77.75028966172769 0.02307796097102904 0.09470207925212783 0.15416222435360968 2.3400572394180913e-09 0.9998769026811323 1239.6213517532972
77.75028966172769 0.02307796097102904 0.09470207925212783 0.15416222435360968 2.3400572394180913e-09 0.9998769026811323 1239.6213517532972
75.35670957674655 0.022666915860419634 0.09901335779494747 0.0548925355654552 1.956312327351491e-09 0.990343898523244 1237.4325126777062
75.35670957674655 0.022666915860419634 0.09901335779494747 0.0548925355654552 1.956312327351491e-09 0.990343898523244 1237.4325126777062
75.35670957674655 0.022666915860419634 0.09901335779494747 0.0548925355654552 1.956312327351491e-09 0.990343898523244 1237.4325126777062
75.35670957674655 0.022666915860419634 0.09901335779494747 0.0548925355654552 1.956312327351491e-09 0.990343898523244 1237.4325126777062
74.9923180566095 0.02279406643597258 0.09961970124929123 0.015565994719005473 1.8040137857085357e-09 0.9888606024183714 1240.0347390255022
74.4498718953868 0.022932539636221716 0.10056874355327926 0.055071737670619375 1.9796060181809752e-09 0.9952994945557904 1237.4919068181175
74.4498718953868 0.022932539636221716 0.10056874355327926 0.055071737670619375 1.9796060181809752e-09 0.9952994945557904 1237.4919068181175
74.4498718953868 0.022932539636221716 0.10056874355327926 0.055071737670619375 1.9796060181809752e-09 0.9952994945557904 1237.4919068181175
74.4498718953868 0.022932539636221716 0.10056874355327926 0.055071737670619375 1.9796060181809752e-09 0.9952994945557904 1237.4919068181175
74.4498718953868 0.022932539636221716 0.10056874355327926 0.055071737670619375 1.9796060181809752e-09 0.9952994945557904 1237.4919068181175
74.4498718953868 0.022932539636221716 0.10056874355327926 0.055071737670619375 1.9796060181809752e-09 0.9952994945557904 1237.4919068181175
74.4498718953868 0.022932539636221716 0.10056874355327926 0.055071737670619375 1.9796060181809752e-09 0.9952994945557904 1237.4919068181175
74.4498718953868 0.022932539636221716 0.10056874355327926 0.055071737670619375 1.9796060181809752e-09 0.9952994945557904 1237.4919068181175
74.38124690262886 0.02320499336990222 0.10312185513879818 0.09419016924517166 2.159666836568572e-09 0.9979177453692704 1232.3117484714494
74.38124690262886 0.02320499336990222 0.10312185513879818 0.09419016924517166 2.159666836568572e-09 0.9979177453692704 1232.3117484714494
72.92161578082266 0.023278313153445248 0.10759568651303869 0.030094421560147674 1.9356353702282464e-09 0.9945879911632146 1232.2421292931276
72.92161578082266 0.023278313153445248 0.10759568651303869 0.030094421560147674 1.9356353702282464e-09 0.9945879911632146 1232.2421292931276
72.92161578082266 0.023278313153445248 0.10759568651303869 0.030094421560147674 1.9356353702282464e-09 0.9945879911632146 1232.2421292931276
72.92161578082266 0.023278313153445248 0.10759568651303869 0.030094421560147674 1.9356353702282464e-09 0.9945879911632146 1232.2421292931276
72.92161578082266 0.023278313153445248 0.10759568651303869 0.030094421560147674 1.9356353702282464e-09 0.9945879911632146 1232.2421292931276
72.03374587676558 0.023522509745656207 0.1119085441526956 0.0585423335153195 2.092416156951349e-09 1.0011080831121755 1233.252777325183
72.03374587676558 0.023522509745656207 0.1119085441526956 0.0585423335153195 2.092416156951349e-09 1.0011080831121755 1233.252777325183
72.03374587676558 0.023522509745656207 0.1119085441526956 0.0585423335153195 2.092416156951349e-09 1.0011080831121755 1233.252777325183
72.03374587676558 0.023522509745656207 0.1119085441526956 0.0585423335153195 2.092416156951349e-09 1.0011080831121755 1233.252777325183
72.03374587676558 0.023522509745656207 0.1119085441526956 0.0585423335153195 2.092416156951349e-09 1.0011080831121755 1233.252777325183
72.03374587676558 0.023522509745656207 0.1119085441526956 0.0585423335153195 2.092416156951349e-09 1.0011080831121755 1233.252777325183
72.03374587676558 0.023522509745656207 0.1119085441526956 0.0585423335153195 2.092416156951349e-09 1.0011080831121755 1233.252777325183
72.79998823153998 0.023325846244639747 0.10986967227185468 0.006214935597652016 1.8578786586848668e-09 0.9945859626066987 1234.3807505904574
72.79998823153998 0.023325846244639747 0.10986967227185468 0.006214935597652016 1.8578786586848668e-09 0.9945859626066987 1234.3807505904574
75.14878143143795 0.023817289254534465 0.10686056680294627 0.10097254316388397 2.231426201260796e-09 1.0073810146439384 1235.2025551452202
73.2758673617549 0.023765233349806875 0.11064344667624586 0.0402413393604823 2.0115462076146303e-09 1.001930325493369 1234.3959098127696
73.2758673617549 0.023765233349806875 0.11064344667624586 0.0402413393604823 2.0115462076146303e-09 1.001930325493369 1234.3959098127696
72.94134570414691 0.023356275117703416 0.11052886474986241 0.013434198751953966 1.9049183808016773e-09 0.9984594607421576 1234.5162056104778
72.94134570414691 0.023356275117703416 0.11052886474986241 0.013434198751953966 1.9049183808016773e-09 0.9984594607421576 1234.5162056104778
73.15056117285333 0.02330828686621819 0.10983942132526119 0.014779777916551863 1.9035125009023367e-09 0.9998536022061911 1235.2745197420722
73.15056117285333 0.02330828686621819 0.10983942132526119 0.014779777916551863 1.9035125009023367e-09 0.9998536022061911 1235.2745197420722
73.15056117285333 0.02330828686621819 0.10983942132526119 0.014779777916551863 1.9035125009023367e-09 0.9998536022061911 1235.2745197420722
73.15056117285333 0.02330828686621819 0.10983942132526119 0.014779777916551863 1.9035125009023367e-09 0.9998536022061911 1235.2745197420722
73.15056117285333 0.02330828686621819 0.10983942132526119 0.014779777916551863 1.9035125009023367e-09 0.9998536022061911 1235.2745197420722
73.15056117285333 0.02330828686621819 0.10983942132526119 0.014779777916551863 1.9035125009023367e-09 0.9998536022061911 1235.2745197420722
73.15056117285333 0.02330828686621819 0.10983942132526119 0.014779777916551863 1.9035125009023367e-09 0.9998536022061911 1235.2745197420722
72.87795661779423 0.023056005843608177 0.108899525521306 0.027642319745479236 1.9413093050898214e-09 0.9923491560742302 1232.311592224375
72.87795661779423 0.023056005843608177 0.108899525521306 0.027642319745479236 1.9413093050898214e-09 0.9923491560742302 1232.311592224375
72.87795661779423 0.023056005843608177 0.108899525521306 0.027642319745479236 1.9413093050898214e-09 0.9923491560742302 1232.311592224375
72.87795661779423 0.023056005843608177 0.108899525521306 0.027642319745479236 1.9413093050898214e-09 0.9923491560742302 1232.311592224375
73.85150117044554 0.022836682148239563 0.10420272860104841 0.05820650143784123 2.021266125365018e-09 0.9857307750210208 1232.7106850291525
73.85150117044554 0.022836682148239563 0.10420272860104841 0.05820650143784123 2.021266125365018e-09 0.9857307750210208 1232.7106850291525
73.85150117044554 0.022836682148239563 0.10420272860104841 0.05820650143784123 2.021266125365018e-09 0.9857307750210208 1232.7106850291525
73.58555012495859 0.022926272061980228 0.10468560590838191 0.090399970805302 2.152527918006585e-09 0.9830479960998518 1231.1923974193933
72.82484577108829 0.022910531336729455 0.10613615815390823 0.0489018055571266 1.9798435593899404e-09 0.9798042351414706 1231.4236059935874
74.46940603596332 0.023136890308607935 0.10294461672726264 0.10214740375168374 2.181014263605018e-09 0.9838950082780195 1233.2649232882213
74.46940603596332 0.023136890308607935 0.10294461672726264 0.10214740375168374 2.181014263605018e-09 0.9838950082780195 1233.2649232882213
74.46940603596332 0.023136890308607935 0.10294461672726264 0.10214740375168374 2.181014263605018e-09 0.9838950082780195 1233.2649232882213
74.46940603596332 0.023136890308607935 0.10294461672726264 0.10214740375168374 2.181014263605018e-09 0.9838950082780195 1233.2649232882213
74.46940603596332 0.023136890308607935 0.10294461672726264 0.10214740375168374 2.181014263605018e-09 0.9838950082780195 1233.2649232882213
74.46940603596332 0.023136890308607935 0.10294461672726264 0.10214740375168374 2.181014263605018e-09 0.9838950082780195 1233.2649232882213
74.46940603596332 0.023136890308607935 0.10294461672726264 0.10214740375168374 2.181014263605018e-09 0.9838950082780195 1233.2649232882213
74.46940603596332 0.023136890308607935 0.10294461672726264 0.10214740375168374 2.181014263605018e-09 0.9838950082780195 1233.2649232882213
74.46940603596332 0.023136890308607935 0.10294461672726264 0.10214740375168374 2.181014263605018e-09 0.9838950082780195 1233.2649232882213
74.46940603596332 0.023136890308607935 0.10294461672726264 0.10214740375168374 2.181014263605018e-09 0.9838950082780195 1233.2649232882213
74.46940603596332 0.023136890308607935 0.10294461672726264 0.10214740375168374 2.181014263605018e-09 0.9838950082780195 1233.2649232882213
74.46940603596332 0.023136890308607935 0.10294461672726264 0.10214740375168374 2.181014263605018e-09 0.9838950082780195 1233.2649232882213
73.88893033670612 0.022961159069351925 0.10425974088887498 0.0432678849942081 1.9482755041490127e-09 0.9764819284812535 1234.1153087840266
73.88893033670612 0.022961159069351925 0.10425974088887498 0.0432678849942081 1.9482755041490127e-09 0.9764819284812535 1234.1153087840266
73.88893033670612 0.022961159069351925 0.10425974088887498 0.0432678849942081 1.9482755041490127e-09 0.9764819284812535 1234.1153087840266
75.24970327803737 0.023391526476179317 0.10285236041399373 0.09121870634719409 2.148481476809181e-09 0.9909840867962229 1233.5025116994311
75.24458386805388 0.02382714783559539 0.10646374062179281 0.08127635870217555 2.146955254889953e-09 0.9983776524292125 1234.5774205717487
75.24458386805388 0.02382714783559539 0.10646374062179281 0.08127635870217555 2.146955254889953e-09 0.9983776524292125 1234.5774205717487
75.24458386805388 0.02382714783559539 0.10646374062179281 0.08127635870217555 2.146955254889953e-09 0.9983776524292125 1234.5774205717487
75.24458386805388 0.02382714783559539 0.10646374062179281 0.08127635870217555 2.146955254889953e-09 0.9983776524292125 1234.5774205717487
75.24458386805388 0.02382714783559539 0.10646374062179281 0.08127635870217555 2.146955254889953e-09 0.9983776524292125 1234.5774205717487
75.24458386805388 0.02382714783559539 0.10646374062179281 0.08127635870217555 2.146955254889953e-09 0.9983776524292125 1234.5774205717487
75.24458386805388 0.02382714783559539 0.10646374062179281 0.08127635870217555 2.146955254889953e-09 0.9983776524292125 1234.5774205717487
75.24458386805388 0.02382714783559539 0.10646374062179281 0.08127635870217555 2.146955254889953e-09 0.9983776524292125 1234.5774205717487
75.24458386805388 0.02382714783559539 0.10646374062179281 0.08127635870217555 2.146955254889953e-09 0.9983776524292125 1234.5774205717487
75.27825309135427 0.0233848846989831 0.10298424979140762 0.11837231528159634 2.2654092436568413e-09 0.9969844923389577 1231.3648381850576
73.2778795530597 0.023157360072429106 0.10926949197756976 0.09151092716435241 2.191212759517514e-09 0.9813734928298671 1232.746294580342
72.30850952533977 0.0228187132270743 0.11025593955444284 0.028109873953578196 1.929405824425956e-09 0.9691835982433026 1233.338032954503
72.31299706101458 0.02291342647473282 0.11041040017106948 0.07033975733628572 2.1021558760893857e-09 0.9699477179196775 1233.9419023583227
70.19025888426995 0.022460732804516662 0.11371446258234134 0.027254766374456632 1.941374496096811e-09 0.9568008583938732 1233.065576052169
70.19025888426995 0.022460732804516662 0.11371446258234134 0.027254766374456632 1.941374496096811e-09 0.9568008583938732 1233.065576052169
70.19025888426995 0.022460732804516662 0.11371446258234134 0.027254766374456632 1.941374496096811e-09 0.9568008583938732 1233.065576052169
70.19025888426995 0.022460732804516662 0.11371446258234134 0.027254766374456632 1.941374496096811e-09 0.9568008583938732 1233.065576052169
70.19025888426995 0.022460732804516662 0.11371446258234134 0.027254766374456632 1.941374496096811e-09 0.9568008583938732 1233.065576052169
70.19025888426995 0.022460732804516662 0.11371446258234134 0.027254766374456632 1.941374496096811e-09 0.9568008583938732 1233.065576052169
70.19025888426995 0.022460732804516662 0.11371446258234134 0.027254766374456632 1.941374496096811e-09 0.9568008583938732 1233.065576052169
70.19025888426995 0.022460732804516662 0.11371446258234134 0.027254766374456632 1.941374496096811e-09 0.9568008583938732 1233.065576052169
70.19025888426995 0.022460732804516662 0.11371446258234134 0.027254766374456632 1.941374496096811e-09 0.9568008583938732 1233.065576052169
70.19025888426995 0.022460732804516662 0.11371446258234134 0.027254766374456632 1.941374496096811e-09 0.9568008583938732 1233.065576052169
70.92000968772068 0.022413932261715463 0.11025733756286793 0.03538352617541325 1.947585349609819e-09 0.9589035352124589 1232.1801143477612
70.92000968772068 0.022413932261715463 0.11025733756286793 0.03538352617541325 1.947585349609819e-09 0.9589035352124589 1232.1801143477612
69.91660423204475 0.02251764746487081 0.11240529809019013 0.042384354861701355 2.0005694056087383e-09 0.9616053670785957 1231.5404302302236
70.23498954110927 0.022736292586206186 0.1107327565618457 0.09900697490481952 2.220865318918054e-09 0.9659613137552752 1233.1859908118158
70.23498954110927 0.022736292586206186 0.1107327565618457 0.09900697490481952 2.220865318918054e-09 0.9659613137552752 1233.1859908118158
70.16851788463325 0.02249648300407858 0.11120685731378892 0.04235654792626891 1.9933449887642626e-09 0.9636933994200576 1231.4197680996504
71.60991100276311 0.022621264466617844 0.10808525335036694 0.05856800618988107 2.0423083062226473e-09 0.9693285318182627 1233.6514067825292
71.60991100276311 0.022621264466617844 0.10808525335036694 0.05856800618988107 2.0423083062226473e-09 0.9693285318182627 1233.6514067825292
71.60991100276311 0.022621264466617844 0.10808525335036694 0.05856800618988107 2.0423083062226473e-09 0.9693285318182627 1233.6514067825292
69.00977576938187 0.022095936199433275 0.1131286889285029 0.08211842899250268 2.1642634208400078e-09 0.9544770038442041 1233.5478727692698
69.00977576938187 0.022095936199433275 0.1131286889285029 0.08211842899250268 2.1642634208400078e-09 0.9544770038442041 1233.5478727692698
69.00977576938187 0.022095936199433275 0.1131286889285029 0.08211842899250268 2.1642634208400078e-09 0.9544770038442041 1233.5478727692698
69.00977576938187 0.022095936199433275 0.1131286889285029 0.08211842899250268 2.1642634208400078e-09 0.9544770038442041 1233.5478727692698
69.00977576938187 0.022095936199433275 0.1131286889285029 0.08211842899250268 2.1642634208400078e-09 0.9544770038442041 1233.5478727692698
69.00977576938187 0.022095936199433275 0.1131286889285029 0.08211842899250268 2.1642634208400078e-09 0.9544770038442041 1233.5478727692698
69.00977576938187 0.022095936199433275 0.1131286889285029 0.08211842899250268 2.1642634208400078e-09 0.9544770038442041 1233.5478727692698
69.34984297025083 0.02212869792367276 0.11058412645584588 0.13520107274063817 2.3605490191486325e-09 0.9567805468951628 1236.978716419272
69.34984297025083 0.02212869792367276 0.11058412645584588 0.13520107274063817 2.3605490191486325e-09 0.9567805468951628 1236.978716419272
69.34984297025083 0.02212869792367276 0.11058412645584588 0.13520107274063817 2.3605490191486325e-09 0.9567805468951628 1236.978716419272
67.17330247759156 0.02149149646575553 0.11391369447310745 0.01197314174629066 1.86402342238871e-09 0.934657506034302 1236.7955804947962
67.17330247759156 0.02149149646575553 0.11391369447310745 0.01197314174629066 1.86402342238871e-09 0.934657506034302 1236.7955804947962
67.17330247759156 0.02149149646575553 0.11391369447310745 0.01197314174629066 1.86402342238871e-09 0.934657506034302 1236.7955804947962
67.17330247759156 0.02149149646575553 0.11391369447310745 0.01197314174629066 1.86402342238871e-09 0.934657506034302 1236.7955804947962
67.17330247759156 0.02149149646575553 0.11391369447310745 0.01197314174629066 1.86402342238871e-09 0.934657506034302 1236.7955804947962
67.17330247759156 0.02149149646575553 0.11391369447310745 0.01197314174629066 1.86402342238871e-09 0.934657506034302 1236.7955804947962
67.17330247759156 0.02149149646575553 0.11391369447310745 0.01197314174629066 1.86402342238871e-09 0.934657506034302 1236.7955804947962
67.17330247759156 0.02149149646575553 0.11391369447310745 0.01197314174629066 1.86402342238871e-09 0.934657506034302 1236.7955804947962
67.17330247759156 0.02149149646575553 0.11391369447310745 0.01197314174629066 1.86402342238871e-09 0.934657506034302 1236.7955804947962
67.17330247759156 0.02149149646575553 0.11391369447310745 0.01197314174629066 1.86402342238871e-09 0.934657506034302 1236.7955804947962
67.17330247759156 0.02149149646575553 0.11391369447310745 0.01197314174629066 1.86402342238871e-09 0.934657506034302 1236.7955804947962
67.17330247759156 0.02149149646575553 0.11391369447310745 0.01197314174629066 1.86402342238871e-09 0.934657506034302 1236.7955804947962
67.17330247759156 0.02149149646575553 0.11391369447310745 0.01197314174629066 1.86402342238871e-09 0.934657506034302 1236.7955804947962
67.17330247759156 0.02149149646575553 0.11391369447310745 0.01197314174629066 1.86402342238871e-09 0.934657506034302 1236.7955804947962
65.8458336195175 0.021612669351573695 0.1168590454353051 0.030998181729715295 1.9661549588564535e-09 0.9379131880530968 1237.721873961108
67.43275749552078 0.022458123053791988 0.11584137887879851 0.1258996043000424 2.36449934168136e-09 0.9579562875948902 1237.9657794422246
67.43275749552078 0.022458123053791988 0.11584137887879851 0.1258996043000424 2.36449934168136e-09 0.9579562875948902 1237.9657794422246
67.43275749552078 0.022458123053791988 0.11584137887879851 0.1258996043000424 2.36449934168136e-09 0.9579562875948902 1237.9657794422246
