-648.8646237419927
-648.8641490284609
-649.3349606131209
-650.1816399588514
-651.0880093278557
-652.0985462780718
-653.1335800813018
-654.2892211754456
-655.5249280216274
-657.0384845991867
-658.8126523481617
-660.7057479247001
-663.1090814650057
-665.6488635339975
-668.6010841606577
-671.8625617471607
-675.3410168975842
-678.8371600116219
-682.7313305856234
-686.8581258437213
-691.170706964747
-695.6487899581674
-700.3042540860021
-705.0687548758225
-709.8451967279767
-714.7930928319195
-719.8802547773074
-725.063454922685
-730.3068153406819
-735.6367717032394
-740.9974654746087
-746.3505061768846
-751.5409876090339
-756.1170858458746
-759.0686961636901
-759.3856467259817
-756.6842468771986
-751.0040793300793
-742.4528800972579
-731.0060680619832
-715.8516046539963
-694.9282369185186
-666.0857627240138
-630.3700884253614
-591.0565833898698
-551.8671646710832
-515.1018313565662
-480.30845317058834
-446.6712881180521
-414.1181679492306
-381.39300205304545
-351.61971183983206
-326.49659498203545
-305.11527673687215
-286.4235148705312
-268.99009366604156
-252.8475796495525
-237.69315215419442
-223.38947099569623
-210.0193728899043
-197.75068799143918
-186.49327827735067
-176.34249759540154
-167.05528458795987
-158.47617734043382
-150.53637326772457
-143.0258949914495
-135.95906436678553
-129.62187805417022
-123.46442934838706
-117.9572076131883
-112.62995596818214
-107.72819055015806
-103.08358611542884
-98.70345379404657
-94.68876386283523
-90.89683363374682
-87.17617866718233
-83.73296386030836
-80.52790643426803
-77.6256882171277
-74.84051194133687
-72.33585788329484
-69.90867610299685
-67.68640151941503
-65.55284602945973
-63.42725975581455
-61.3920837069101
-59.44200198903152
-57.586368572976866
-55.83025204563304
-54.17655014462226
-52.622740666322535
-51.04451870903668
-49.59123905178977
-48.17667003173687
-46.80120890687096
-45.46331083493861
-44.23621000822291
-43.006548827265576
-41.836056381099596
-40.73445688186688
-39.68409501155557
-38.682363643689236
-37.68027156067384
-36.769603377775056
-35.883691055825224
-35.08455720212173
-34.23184275905798
-33.40704779856573
-32.63886624556176
-31.863000252565126
-31.1386205278067
-30.409729564292768
-29.681298657903348
-29.059179287072364
-28.3287981786735
-27.692116516551067
-27.08296353662751
-26.46133568253314
-25.89648629879308
-25.32751573657829
-24.772220728087937
-24.20682351390789
-23.718210488916103
-23.23102622739083
-22.724568483419596
-22.274367527178594
-21.84663503221504
-21.412552732943407
-20.999625020816826
-20.626413301134512
-20.24428351326509
-19.8731499772259
-19.50063043394304
-19.09589549799526
-18.734800672896128
-18.363928037288268
-18.012562901170302
-17.65087564994945
-17.329954723505832
-17.02415889150393
-16.724618750914015
-16.448788434856816
-16.152158422232898
-15.843774602089415
-15.549835083610333
-15.265420925707502
-14.980721187334389
-14.756966975832864
-14.489039693733693
-14.243262319990349
-13.999513616291454
-13.789951019477373
-13.54636822738824
-13.320623595562328
-13.117991857257197
-12.933214489140342
-12.733227542916001
-12.518024698805974
-12.307049099035515
-12.128757761428323
-11.986520899599556
-11.811612937109626
-11.645618123183407
-11.464245309598027
-11.300967262632422
-11.127856444483442
-10.97059467542554
-10.815879985544397
-10.689670038072162
-10.543586288105773
-10.399692991793913
-10.249491758888947
-10.125914590609215
-9.976743943517427
-9.838839763915221
-9.68908026268675
-9.581832731277872
-9.438754897187787
-9.305535877026973
-9.180473960799116
-9.062787417720259
-8.961935488158815
-8.863826968127547
-8.774645399331481
-8.663183578214786
-8.56766323594109
-8.476589661149971
-8.390777305222745
-8.307936846036029
-8.229599604602718
-8.144701300732585
-8.044161874732689
-7.973915048757022
-7.874795928439782
-7.7965074716589395
-7.705942807407408
-7.622244966754795
-7.533538705616598
-7.463110853964146
-7.388567767475506
-7.301303392865746
-7.243587480062463
-7.160641450485499
-7.085648522962961
-7.014276107983987
-6.955702704180999
-6.897508980271253
-6.838431024219799
-6.766378726071827
-6.708707390274097
-6.646046118297469
-6.57921752901147
-6.508930584709054
-6.444772656604637
-6.361883284684817
-6.293493741102606
-6.241704066214395
-6.177655650577935
-6.111667003635614
-6.050909239214381
-6.0062236101145645
-5.940096862616379
-5.883250205204221
-5.828893132521392
-5.769229319265081
-5.7224553570452
-5.68064029128957
-5.632014237511228
-5.577715604295451
-5.528468610211043
-5.475802601146924
-5.4467485058054
-5.400087048370229
-5.349932861025439
-5.3080071581186274
-5.253591242586028
-5.213927177361387
-5.161044561972569
-5.117313370902226
-5.067111953349779
-5.026572296517182
-4.990766996373079
-4.962868828945174
-4.927840234568132
-4.896384890440994
-4.868382120067518
-4.8292652126051285
-4.775435125877073
-4.733846986408683
-4.685949839544189
-4.634463764486029
-4.602587522305371
-4.571314425617967
-4.529794998478644
-4.496482587481928
-4.4603817941858654
-4.4294123261160125
-4.402098529091688
-4.366805416499277
-4.331409334739372
-4.299748333538308
-4.264677755713125
-4.232303007993262
-4.18440141678449
-4.149171862055018
-4.098982235851805
-4.055836276922781
-4.02200476985444
-3.989175258260446
-3.9600822883477074
-3.9327811059723468
-3.896277865908842
-3.86564932242719
-3.838400438237671
-3.809765570208853
-3.787621404208443
-3.7606082513829815
-3.7429291714235484
-3.7194711143290435
-3.696844172338317
-3.6609490027424547
-3.6272659357670647
-3.6132460377951174
-3.5930445185498985
-3.5582307939283724
-3.5296414493431008
-3.508868325944326
-3.4755158623139697
-3.445246485926957
-3.4149217407039236
-3.394205599404949
-3.362755647041878
-3.3393604238771175
-3.3144309988900433
-3.2900037535024613
-3.2574331185316185
-3.2301514169437997
-3.210988984097043
-3.185920666155956
-3.16467155911251
-3.1530569086701603
-3.1297691468478357
-3.0960286580248244
-3.0749537653355197
-3.052409784114905
-3.0288230794300564
-3.0067074669101026
-2.9755465652343096
-2.9543822285604517
-2.928753639559137
-2.9020064149753
-2.8728183221458936
-2.854403176221999
-2.838757314810795
-2.814987420421769
-2.797412889457846
-2.769744665582615
-2.7464794557846353
-2.721132625699746
-2.6986370229716057
-2.674065995610525
-2.646124242544194
-2.622228583419027
-2.6022646830524128
-2.584500753079754
-2.5677999579474258
-2.5412442656153846
-2.529931028385787
-2.5094366400053136
-2.486643126142636
-2.476844555278474
-2.455344896568734
-2.4378480356032832
-2.42120753410705
-2.400274482871999
-2.3811675938533194
-2.3580652217208504
-2.345925605374277
-2.3269146447491207
-2.316676020679274
-2.298982869843667
-2.270163382866226
-2.254961589199111
-2.233053676347686
-2.2130581254385837
-2.1917368500959786
-2.176452493982337
-2.1640739075226163
-2.1463407439949336
-2.1284948508551405
-2.1147502892622216
-2.1089626762153557
-2.091778844725326
-2.0809658199506806
-2.0615330996762484
-2.05389378473546
-2.0445193218486515
-2.026680808768873
-2.014230724287968
-1.9996654981945543
-1.9902809233330698
-1.9700824227187026
-1.9562777939788445
-1.9418691811947784
-1.9259139097975644
-1.912707494411219
-1.8935117487351172
-1.875168340146719
-1.8561265337819226
-1.8476144484942543
-1.8339609102347516
-1.8250561941712402
-1.8139566298202408
-1.8017092213225865
-1.795906161370833
-1.7897045299134828
-1.7752214088737661
-1.7567002251396662
-1.7427606631801533
-1.7266674062683092
-1.7211341591419855
-1.7076510108160232
-1.6908143789441286
-1.6661462933424378
-1.6564550206963944
-1.645268154284068
-1.6318763545428485
-1.6193978299685918
-1.6006507837422597
-1.588342363101905
-1.5737453073178744
-1.5645941136372392
-1.5520822053395038
-1.5417093015342225
-1.5327127256635447
-1.5224332187040575
-1.5101179210349585
-1.502919415603812
-1.4940467158742374
-1.486930665867845
-1.4802060823936272
-1.467678143179071
-1.466213109383313
-1.4572206405033978
-1.4459804910212002
-1.4260328254146644
-1.4116429556221148
-1.4046473374934203
-1.3926645531489354
-1.3813097210330902
-1.3695922911785479
-1.3571154185225
-1.345580454456514
-1.3408354011232846
-1.3241469617809642
-1.3136785607677814
-1.305138011404555
-1.2906933982544795
-1.278519472492156
-1.2736537464275952
-1.2669125211902394
-1.2550109513025531
-1.2447860678693907
-1.2358160375156262
-1.2310070915750375
-1.2263955800561013
-1.2128787810960089
-1.2080108934538925
-1.194576560734883
-1.1895600346355621
-1.1792026428892532
-1.1681482940160555
-1.156832678058306
-1.1498083052648782
-1.1431413265670392
-1.1336331382328926
-1.1233785091527628
-1.115453223940076
-1.1113649569496271
-1.1015964368867188
-1.094900960867695
-1.0825669414739272
-1.071987288804058
-1.0669294584709996
-1.0571681103067945
-1.0562427142152788
-1.0476799751927723
-1.0371904619043943
-1.0326228958717758
-1.027661297571665
-1.0232380587210488
-1.0223442520841164
-1.0214140475544813
-1.0074505414739758
-0.9972383599994022
-0.996379635234912
-0.9899684397860458
-0.9832980507208366
-0.9789253413141592
-0.9731982387270315
-0.9723685669974307
-0.9675570385108195
-0.9625132090658509
-0.9559326183309326
-0.9550026069362256
-0.9449575752938042
-0.9440868988119105
-0.9328535587401189
-0.9244708651498769
-0.9163002744414196
-0.9059835283804843
-0.9017317053891006
-0.8974094902996235
-0.8852615201744659
-0.8768340383587665
-0.865336487588835
-0.8568954430578812
-0.8522320801037114
-0.8481313563609632
-0.84743541113834
-0.8409698359732563
-0.82890765866234
-0.8242950567584287
-0.8133413309784666
-0.8049299097544411
-0.8043143567110519
-0.7958363579277239
-0.7900845141281294
-0.7852672378303032
-0.7808669667592185
-0.7764273092556433
-0.7725390328709252
-0.7684145943469004
-0.760474507926477
-0.7560302005923631
-0.747434349915309
-0.7467736464791039
-0.7461760309487385
-0.7417651207611793
-0.7320658916519109
-0.7242629946426907
-0.7174887601372816
-0.7168843882928548
-0.7090787870632166
-0.7041291550621664
-0.7002038339662353
-0.6920062521487227
-0.6870574699879537
-0.6811138135433225
-0.6762527977186723
-0.6662233297602063
-0.6614540480140431
-0.6569243911415107
-0.6528636973103984
-0.6523095672014736
-0.6424831829114132
-0.6337538512404598
-0.6332412636215542
-0.6287267236043451
-0.6242586675263783
-0.6120318373551641
-0.6017983180687468
-0.5975461205420258
-0.5939699735707453
-0.5934677614572181
-0.589405336767077
-0.5853466594673129
-0.5773054369260069
-0.572667805611459
-0.5647377228568907
-0.5604686612645218
-0.5569855153130188
-0.5523185876198189
-0.5481704796594001
-0.5477528929427884
-0.5473439195683465
-0.5401703436126677
-0.5319122479308991
-0.5278992383639616
-0.5275387454324044
-0.5233447336611056
-0.5229559585804331
-0.5225982716940516
-0.5184480237712341
-0.5181052368861631
-0.5140526187195106
-0.509532996135954
-0.5051899795753223
-0.4970350778794131
-0.49667308602137383
-0.4923064551225345
-0.49198451383501196
-0.4837136189832436
-0.47929310410976894
-0.47889579779008445
-0.4785636681322632
-0.47821668348722374
-0.4741108398053747
-0.47071516821391995
-0.46657241098469104
-0.45660924357853366
-0.45629064213442155
-0.4559887179880227
-0.4556419708463563
-0.4553696121371469
-0.45147445504656203
-0.4469417980704612
-0.4427806424848972
-0.4424769924155737
-0.4366925173957032
-0.4364259485509267
-0.4305014895177713
-0.4302585277279125
-0.4242401292391684
-0.42398274017120136
-0.41423541347861137
-0.4140054142202234
-0.4088435173169934
-0.4085839048595183
-0.4046129010327713
-0.4043449958806748
-0.4041220757267955
-0.4038380590706355
-0.403567532974968
-0.3996456422460251
-0.3955453829581808
-0.39151613738984337
-0.39123106605521185
-0.3872624534171523
-0.38704905688938224
-0.383083398183522
-0.38284544630916506
-0.37873091151331906
-0.37853306839963213
-0.3782855712651403
-0.3780350355658891
-0.3777973440655801
-0.3775726933865537
-0.3773652020252262
-0.3770692551162847
-0.3768308518147436
-0.3713479216510392
-0.37111790132813877
-0.3708805805534927
-0.37063369123886275
-0.37041247720521914
-0.37016128039351465
-0.36623351534658205
-0.36596623966275543
-0.361437656766428
-0.3612318389468385
-0.36097969352252135
-0.36078172629709476
-0.3569176744432303
-0.3567128354001864
-0.35643628936764
-0.3562001422602394
-0.3524635781957843
-0.3469490686079459
-0.3437103294627747
-0.3434926116900825
-0.3433312073479934
-0.3375315099825333
-0.33734502774300446
-0.3371435325190444
-0.33691270772889514
-0.33672094255752455
-0.3365388752098532
-0.3327008567180735
-0.3324868178600734
-0.3280328858793926
-0.32784930966330916
-0.3276097211876851
-0.3234861421666214
-0.320069173816791
-0.3198931470815365
-0.3197165547650252
-0.3195219132010604
-0.312483217731966
-0.3062834649501914
-0.3027720904134476
-0.30260709297030797
-0.302448939132346
-0.3022408980464367
-0.30206697769526847
-0.3019019900217148
-0.29817082625535113
-0.2942671742477858
-0.2941020031765279
-0.2939346840878739
-0.2937959350297237
-0.2894436111465253
-0.2862260453309888
-0.2860485283538288
-0.2858688352365172
-0.2857104303157212
-0.2855722327142014
-0.28542076981066294
-0.2852873768526441
-0.28511567424761813
-0.2815731470681516
-0.28141565796287654
-0.28126434293244656
-0.2810892462895639
-0.27684106707849615
-0.2730913404578585
-0.26740011515030987
-0.26728403739362694
-0.2628075286996881
-0.26267553876506067
-0.26250625459688126
-0.26238975073241133
-0.2622437850984189
-0.25799152051735125
-0.2578553247552155
-0.25769716787724156
-0.2575705268827781
-0.2574156637396123
-0.2573169397803149
-0.2535426575680528
-0.25341468968093406
-0.25325153480451534
-0.2531673296186034
-0.25301574300376795
-0.24499158470878285
-0.2448627603474858
-0.24472763431745523
-0.2445929456658611
-0.24443101962034752
-0.2402702302148174
-0.23645329831072825
-0.23249097393747545
-0.23239456674012332
-0.23226064671390623
-0.23216849971697975
-0.23202309752924682
-0.23192939187693945
-0.23176696869111096
-0.23166914533172142
-0.23154674550428575
-0.23142737047015946
-0.23132865743410488
-0.2311989008531767
-0.23106464189066436
-0.23095545013813143
-0.2308301143738461
-0.23071401442744627
-0.23059230228800096
-0.23048694531981864
-0.23035013205383034
-0.23021326956806817
-0.23007462263050746
-0.22601303479632393
-0.22584093077114784
-0.2257612817805129
-0.2256133288237218
-0.2255136160336018
-0.22539609195189866
-0.21711048454081425
-0.2169680414632624
-0.21269401521075887
-0.2125981613241026
-0.21248149704428074
-0.20849174106099205
-0.20839654320931625
-0.20827398536787892
-0.20456104090719637
-0.20072815762315566
-0.20063667768784912
-0.20053114720258028
-0.20042173204260053
-0.20031573376279196
-0.200197449944769
-0.2000948923088517
-0.19996598445234823
-0.19650499005798971
-0.19640134559444028
-0.1963053120628605
-0.19622253853483304
-0.19611366887325918
-0.1960078209214037
-0.195923207820581
-0.19221190279051914
-0.19211194208013363
-0.19200757577812447
-0.19191898620445974
-0.19183439078137493
-0.1917550904239873
-0.19162381464111805
-0.19152559785333753
-0.19143598077214183
-0.1913187960655305
-0.19122787772992944
-0.19113370854623002
-0.19104983941795717
-0.18660136268807848
-0.18650646763656117
-0.18640635045212803
-0.18630586693514045
-0.18215776568660544
-0.18206889897722595
-0.18196234285956533
-0.18185157668684337
-0.18177811182381576
-0.18167187761769524
-0.1776434319715807
-0.17756098446924373
-0.1774804782931629
-0.1773755115562726
-0.17726961638754649
-0.17721827130649767
-0.17710813487558116
-0.17699104420370532
-0.1769132046567019
-0.1767923269951982
-0.17671671553946575
-0.17660294993846254
-0.17651834246559137
-0.17231871770083226
-0.1686458925418516
-0.1685442207975435
-0.16847185013980348
-0.16837435502831447
-0.1682687391158545
-0.1646313411356927
-0.16455256666585769
-0.1608533025570295
-0.16078285593050787
-0.16070588862821536
-0.16059614644582534
-0.16051130014739048
-0.1604610985997331
-0.16034292380491585
-0.15583371017308772
-0.15575872258515555
-0.15568614253295002
-0.15558988021933884
-0.1555115506671205
-0.15544451453168043
-0.15535336801998448
-0.15527198993177377
-0.15518127443986143
-0.15510097441882081
-0.15499999386954535
-0.15490215861336687
-0.15067480219583185
-0.15058399940857167
-0.1504984292449453
-0.14647908817660343
-0.14641814408846082
-0.14631378626244904
-0.14623720512522928
-0.14616246496265908
-0.14059934355712125
-0.14055130304953722
-0.14046676389425217
-0.14039023807908269
-0.14031500682186737
-0.1364305805812085
-0.13288968854154073
-0.13282087486984406
-0.12878753449032934
-0.12870094947790325
-0.12865821690915788
-0.128597612447466
-0.12852895688157168
-0.12848147006428473
-0.12839793378076744
-0.12421338446519635
-0.12414301570434262
-0.12409668604304012
-0.1240189793724749
-0.12397958979151366
-0.12390434373760861
-0.12382603934880533
-0.12377769575391084
-0.12370356263749906
-0.12364451464986334
-0.1198032133537559
-0.11974727478265175
-0.11970253232821877
-0.11964535609382959
-0.11542006926681925
-0.11536007002485775
-0.11530872638679021
-0.11523467793489073
-0.11520113196339146
-0.11512759561934788
-0.11506595817629287
-0.11501518096329312
-0.11495300879382744
-0.11489299018360527
-0.11483990028990894
-0.11478751983855469
-0.11109777346970477
-0.11106934151629953
-0.10688225603966663
-0.10683569651729698
-0.10677911848731006
-0.10672243863847004
-0.1066788292868016
-0.10662392534903443
-0.10658685927984647
-0.10653767853548067
-0.10648567267982083
-0.1021615496779334
-0.1021135166650955
-0.10205848037523112
-0.10200203656192623
-0.0980739823096829
-0.09802810803806375
-0.09798861157452646
-0.09795553368166283
-0.09790954999876075
-0.09784655009048927
-0.097813455439518
-0.09776043108613311
-0.09770979835019845
-0.09766451560229963
-0.09762063385207821
-0.09758559225959237
-0.09753298992969753
-0.09750368459321576
-0.09743862134852674
-0.0974095900351511
-0.09735737861933823
-0.09730931950603745
-0.09726235910140489
-0.09722113893348239
-0.09716778942233609
-0.09713000329706688
-0.09708538130019273
-0.09702895917530448
-0.09696408396063425
-0.09693964991924374
-0.09688094787233362
-0.09684020983796413
-0.09679157874206254
-0.09673959418232853
-0.09145092194360924
-0.0914245448790129
-0.09136787725045897
-0.0913346435022309
-0.09128724355357754
-0.09125262028604819
-0.09121690281050081
-0.09119535000678544
-0.08733942670698785
-0.08730310234652554
-0.08726299705816143
-0.08721726481379467
-0.08719856768902814
-0.08714660990315432
-0.08712670984703094
-0.08710083937625929
-0.08704559890832313
-0.0870113453538512
-0.08699025909508035
-0.08252046705479739
-0.08249194801155281
-0.08246308907183172
-0.0824373571455936
-0.08241026587211044
-0.08237152986468643
-0.08233315076899983
-0.08229076671073665
-0.08225892047816043
-0.07841925197531831
-0.07837719043126067
-0.07834798000181163
-0.07831587524546028
-0.07829670125053355
-0.07824703183737
-0.07821387080732782
-0.07819157095201568
-0.07816329638779851
-0.07813299158145905
-0.07809427929824686
-0.07805498653153645
-0.07803908148505319
-0.0780063432990976
-0.07797214879489078
-0.07795146168033217
-0.07789567842114219
-0.07787700678464593
-0.07785535058433518
-0.07781521834250148
-0.07778652882033507
-0.07774100593429323
-0.07771250809499951
-0.07769021073598331
-0.0776578637848259
-0.07761837383555541
-0.07758856610607007
-0.07755871168645753
-0.07753623596010323
-0.07749794347799661
-0.07403778669616881
-0.07401772722677402
-0.07398844691400375
-0.0739682527952306
-0.07394882828617459
-0.07391406676422514
-0.07388000382631484
-0.07385644961818462
-0.07381516954570945
-0.07378738741765897
-0.07377992300046593
-0.07374654044909516
-0.0737100422781296
-0.07368583680421917
-0.07365752175687815
-0.07363720742434296
-0.07357917757994518
-0.07355408609060203
-0.07353809157883047
-0.07349578927465925
-0.07346578654834866
-0.07344751950900748
-0.07341099966957078
-0.073384790496405
-0.07335671177661358
-0.06993275045248697
-0.06989844451994907
-0.0698592424998804
-0.06984248045055051
-0.06983680317537741
-0.06655117370615006
-0.06653134874996496
-0.06651067468125277
-0.0625043566159395
-0.06248637901002888
-0.06246383384646496
-0.06244498294026159
-0.06241269785361178
-0.06238704770969727
-0.06237323385200636
-0.0623506376551233
-0.06231544721457254
