-874.1791301308888
-874.1791301297387
-874.179130127438
-874.179130123983
-874.179130119365
-874.1791301135709
-874.1791301065829
-874.1791300983792
-874.1791300889345
-874.1791300782194
-874.1791300662019
-874.1791300528395
-874.1791300380777
-874.1791300218547
-874.1791300041035
-874.1791299847433
-874.1791299636839
-874.1791299408435
-874.1791299161285
-874.1791298894209
-874.1791298605987
-874.1791298294979
-874.1791297959472
-874.1791297597792
-874.179129720779
-874.1791296787172
-874.179129633345
-874.1791295843889
-874.1791295315454
-874.1791294744629
-874.1791294127756
-874.1791293460817
-874.1791292739448
-874.179129195907
-874.1791291114188
-874.179129019907
-874.179128920817
-874.1791288133699
-874.1791286967347
-874.1791285700842
-874.1791284323787
-874.1791282824729
-874.1791281191067
-874.1791279410968
-874.1791277470656
-874.1791275352715
-874.1791273035545
-874.1791270496606
-874.1791267717019
-874.1791264669141
-874.1791261320496
-874.1791257641339
-874.1791253595412
-874.1791249134193
-874.1791244208885
-874.1791238769533
-874.1791232757804
-874.1791226099205
-874.1791218711231
-874.179121051763
-874.179120142226
-874.1791191325984
-874.1791180110707
-874.1791167621768
-874.179115369023
-874.1791138134083
-874.1791120729516
-874.1791101250434
-874.179107945414
-874.17910550187
-874.1791027564433
-874.1790996699347
-874.1790962030022
-874.1790922960785
-874.179087880871
-874.1790829097655
-874.179077334729
-874.1790710863789
-874.1790640895938
-874.1790562786815
-874.179047550027
-874.1790377543297
-874.1790267201899
-874.1790143214587
-874.1790005241055
-874.1789852613689
-874.1789683917015
-874.1789497734109
-874.178929278329
-874.178906762817
-874.1788821229022
-874.1788552558554
-874.1788262882991
-874.1787955092918
-874.1787630798557
-874.1787292326892
-874.1786944063334
-874.1786586768682
-874.1786213919985
-874.1785815037697
-874.1785385926311
-874.1784927131289
-874.1784435805441
-874.1783909175414
-874.1783365495982
-874.1782832023105
-874.178232836221
-874.178186318802
-874.1781417455949
-874.1780983530216
-874.1780571394964
-874.1780179302239
-874.1779797112456
-874.1779429821257
-874.1779079932642
-874.1778745778656
-874.1778427961567
-874.1778126158063
-874.1777832191342
-874.1777536655129
-874.177723738392
-874.177693226737
-874.1776617310746
-874.1776291193634
-874.1775955429658
-874.1775617928765
-874.1775290123732
-874.1774986541244
-874.1774714629645
-874.1774467955037
-874.1774229991723
-874.1773992819
-874.1773754435892
-874.1773519087614
-874.1773293877876
-874.1773074741815
-874.1772851926737
-874.1772621283544
-874.1772385040239
-874.1772143103449
-874.177189410239
-874.1771640084937
-874.1771379098763
-874.1771107496546
-874.1770825399772
-874.1770537068962
-874.1770248525844
-874.1769960690633
-874.1769671359158
-874.1769382334753
-874.1769092980178
-874.17687982033
-874.1768488420188
-874.176815366054
-874.1767792002361
-874.1767404122135
-874.176699159508
-874.1766560804195
-874.1766118246153
-874.1765663184984
-874.1765193358352
-874.1764716966599
-874.176424875496
-874.1763802548601
-874.1763390443175
-874.1763022427812
-874.1762699637118
-874.1762419296008
-874.1762180870008
-874.17619715069
-874.1761773858558
-874.1761578571926
-874.1761378837593
-874.1761169875653
-874.1760946778693
-874.1760707253378
-874.1760455142647
-874.1760200539014
-874.1759950876295
-874.1759708121375
-874.1759471079678
-874.1759234096777
-874.1758989584401
-874.1758732413016
-874.175846264494
-874.175818007732
-874.1757885070415
-874.1757582108316
-874.1757269897471
-874.1756946726476
-874.1756611502498
-874.1756260216857
-874.1755891034111
-874.1755501585174
-874.175508921746
-874.1754652465894
-874.1754191112852
-874.1753703607353
-874.1753191274302
-874.1752662783872
-874.175213018908
-874.1751599498072
-874.1751073706696
-874.1750551983878
-874.1750033874523
-874.1749522084143
-874.1749013074276
-874.1748502857793
-874.1747985343304
-874.1747454864809
-874.1746902815026
-874.17463209755
-874.1745705902669
-874.174505303041
-874.1744357462754
-874.1743621057207
-874.1742845208822
-874.1742023556244
-874.1741153180208
-874.1740239401316
-874.1739285364049
-874.1738293387201
-874.173726889121
-874.1736220963305
-874.1735153491201
-874.1734061740326
-874.173294191936
-874.1731791177144
-874.1730604232563
-874.1729372106994
-874.1728093010615
-874.1726764887786
-874.1725385386007
-874.1723951659324
-874.1722462388375
-874.1720917610185
-874.1719314300927
-874.1717655273144
-874.1715939723638
-874.1714164158916
-874.1712332422469
-874.1710460530086
-874.1708571266623
-874.1706680446719
-874.170481704231
-874.1703015181557
-874.170130479003
-874.1699712380924
-874.169826783778
-874.1697004148367
-874.1695929879893
-874.1695040370228
-874.169433213714
-874.1693788037987
-874.1693394756803
-874.1693144350038
-874.1693016500246
-874.1693005855
-874.1693102672504
-874.1693299675511
-874.1693593875964
-874.1693988994728
-874.1694480325888
-874.1695056762416
-874.1695711105773
-874.1696434814556
-874.169722350305
-874.1698073130175
-874.1698975197911
-874.1699924554471
-874.1700912706206
-874.1701926219818
-874.170295575179
-874.1703996850702
-874.1705037159171
-874.1706067608721
-874.1707083531314
-874.170808165722
-874.1709060255417
-874.1710011172935
-874.1710930387829
-874.171181912785
-874.1712676199663
-874.1713497819502
-874.1714284825706
-874.1715038332344
-874.1715756331411
-874.1716440414294
-874.1717092776462
-874.1717713673793
-874.1718303352952
-874.1718862358098
-874.1719391801631
-874.1719892668935
-874.1720366294825
-874.1720813616898
-874.1721234898673
-874.1721631321477
-874.1722004188329
-874.1722353541863
-874.1722679867236
-874.172298487639
-874.1723268704803
-874.1723531965034
-874.1723775592453
-874.1724000212897
-874.1724207081535
-874.1724396839891
-874.1724570330579
-874.1724728637828
-874.17248724594
-874.1725002788688
-874.1725120427787
-874.1725226482567
-874.1725322068404
-874.1725407775989
-874.1725484593761
-874.1725553439999
-874.17256150342
-874.1725669971322
-874.1725718880599
-874.1725762427036
-874.1725801110703
-874.172583538027
-874.1725865686823
-874.1725892442199
-874.1725915894635
-874.1725936439198
-874.1725954351299
-874.1725969831576
-874.1725983125323
-874.172599445437
-874.1726004025161
-874.1726012045694
-874.1726018784867
-874.1726024317941
-874.1726028752997
-874.172603220705
-874.1726034754342
-874.172603662113
-874.1726038016353
-874.17260390202
-874.172603967447
-874.1726040078329
-874.1726040410209
-874.1726040770617
-874.1726041205702
-874.1726041736572
-874.1726042449769
-874.1726043337965
-874.1726044421624
-874.1726045801922
-874.1726047425154
-874.1726049253786
-874.1726051221505
-874.172605325576
-874.1726055312573
-874.1726057387721
-874.1726059534636
-874.172606165546
-874.1726063729797
-874.1726065762676
-874.1726067774073
-874.1726069754549
-874.1726071627493
-874.1726073416575
-874.1726075057729
-874.1726076539325
-874.1726077911585
-874.1726079182865
-874.1726080349634
-874.1726081456515
-874.17260825088
-874.1726083423134
-874.1726084213892
-874.1726084944466
-874.1726085629895
-874.1726086335772
-874.1726087017503
-874.1726087653785
-874.1726088285485
-874.1726088853371
-874.1726089338524
-874.1726089798949
-874.1726090240264
-874.1726090624592
-874.1726090946906
-874.1726091197974
-874.1726091384403
-874.1726091494471
-874.1726091515643
-874.1726091482818
-874.172609139053
-874.1726091197434
-874.1726090912586
-874.1726090563521
-874.172609014051
-874.1726089613634
-874.1726088942917
-874.1726088135125
-874.172608724906
-874.1726086291595
-874.1726085273249
-874.172608419529
-874.1726083008363
-874.172608172555
-874.1726080325776
-874.172607882867
-874.1726077229638
-874.1726075523704
-874.1726073783223
-874.1726071971277
-874.1726070074873
-874.1726068119323
-874.1726066078146
-874.1726064003333
-874.1726061957233
-874.1726059866126
-874.1726057705151
-874.1726055517312
-874.172605337301
-874.1726051280508
-874.1726049188484
-874.1726047141867
-874.1726045104958
-874.1726043213943
-874.1726041483089
-874.1726039782378
-874.1726038190483
-874.1726036694982
-874.1726035353649
-874.1726034170582
-874.172603311784
-874.1726032216696
-874.172603144738
-874.1726030834224
-874.172603040271
-874.1726030109414
-874.1726029934463
-874.1726029966344
-874.1726030228132
-874.1726030644594
-874.1726031176403
-874.1726031843602
-874.1726032643368
-874.1726033586107
-874.1726034662156
-874.1726035805128
-874.1726037025248
-874.1726038344706
-874.1726039677469
-874.1726041034706
-874.1726042449967
-874.172604387347
-874.1726045300516
-874.1726046720495
-874.1726048136038
-874.1726049601883
-874.172605110825
-874.172605256325
-874.1726053979592
-874.1726055346451
-874.1726056561406
-874.1726057688358
-874.1726058797307
-874.1726059839225
-874.172606081291
-874.1726061752615
-874.1726062650196
-874.1726063455164
-874.1726064189149
-874.172606485814
-874.1726065496371
-874.1726066124876
-874.1726066756308
-874.1726067382434
-874.1726067978018
-874.17260685531
-874.1726069145569
-874.1726069781241
-874.1726070465132
-874.1726071150769
-874.1726071808579
-874.1726072467513
-874.1726073071658
-874.1726073628565
-874.1726074169461
-874.1726074731666
-874.1726075315624
-874.1726075870505
-874.1726076440569
-874.172607701254
-874.1726077560096
-874.1726078119012
-874.1726078681719
-874.1726079246779
-874.1726079818507
-874.1726080407431
-874.1726080988609
-874.172608158244
-874.1726082182477
-874.1726082749225
-874.1726083294028
-874.1726083805966
-874.172608427
-874.1726084684512
-874.1726085036581
-874.1726085394305
-874.1726085779769
-874.1726086166536
-874.1726086571337
-874.1726086966398
-874.1726087315342
-874.1726087653668
-874.1726087987911
-874.1726088286855
-874.1726088575352
-874.1726088901622
-874.1726089215364
-874.1726089511918
-874.1726089855532
-874.1726090224748
-874.1726090572384
-874.172609090941
-874.1726091224492
-874.172609145594
-874.1726091648455
-874.172609183169
-874.172609198691
-874.1726092127866
-874.1726092252376
-874.1726092302218
-874.1726092359756
-874.1726092441953
-874.1726092454869
-874.1726092420572
-874.1726092375648
-874.1726092316432
-874.1726092223428
-874.1726092098345
-874.1726091971112
-874.1726091844097
-874.1726091680808
-874.1726091496648
-874.1726091278254
-874.1726091025862
-874.1726090799493
-874.1726090617707
-874.1726090463943
-874.1726090298134
-874.1726090082306
-874.1726089831511
-874.1726089560035
-874.172608922453
-874.1726088844343
-874.1726088485707
-874.172608815459
-874.1726087797138
-874.1726087356246
-874.1726086872474
-874.172608637652
-874.1726085862936
-874.172608540496
-874.172608498204
-874.1726084562699
-874.1726084182972
-874.172608379022
-874.1726083334131
-874.1726082860342
-874.1726082375912
-874.1726081886436
-874.1726081435363
-874.1726080988343
-874.1726080541806
-874.1726080076628
-874.172607953634
-874.1726078979019
-874.1726078435465
-874.1726077935189
-874.1726077464697
-874.1726077005262
-874.1726076643952
-874.1726076309415
-874.172607592945
-874.1726075490643
-874.1726075041123
-874.1726074637754
-874.1726074281377
-874.1726073943814
-874.1726073569087
-874.1726073141956
-874.1726072695592
-874.1726072297746
-874.1726071917467
-874.1726071502096
-874.1726071117253
-874.1726070721767
-874.1726070298372
-874.1726069914068
-874.1726069541043
-874.1726069154004
-874.1726068764469
-874.1726068431818
-874.1726068187985
-874.1726067935431
-874.1726067593683
-874.1726067238899
-874.1726066914974
-874.1726066655806
-874.1726066459871
-874.1726066238473
-874.1726065978679
-874.1726065731924
-874.1726065519407
-874.1726065326073
-874.1726065168203
-874.1726065061663
-874.172606498589
-874.1726064945176
-874.172606490889
-874.1726064908357
-874.1726065001512
-874.1726065082555
-874.1726065135504
-874.1726065229699
-874.1726065369068
-874.1726065554981
-874.1726065790449
-874.172606601597
-874.1726066217082
-874.1726066408547
-874.1726066602598
-874.1726066849795
-874.1726067139239
-874.1726067504609
-874.1726067896549
-874.1726068253473
-874.1726068641152
-874.1726069093789
-874.1726069647356
-874.1726070202503
-874.1726070719642
-874.1726071230765
-874.1726071757604
-874.1726072337358
-874.1726072955747
-874.1726073638655
-874.1726074349817
-874.1726075050756
-874.172607571718
-874.1726076342255
-874.1726076958106
-874.172607754662
-874.1726078098777
-874.1726078663628
-874.1726079213793
-874.1726079737663
-874.1726080222339
-874.1726080649556
-874.17260810655
-874.1726081445053
-874.1726081784354
-874.1726082135738
-874.1726082491875
-874.1726082819382
-874.1726083129502
-874.1726083444959
-874.1726083755309
-874.1726084056208
-874.1726084362302
-874.1726084641828
-874.1726084900816
-874.1726085168056
-874.1726085423417
-874.1726085608482
-874.1726085676063
-874.1726085734042
-874.1726085817271
-874.1726085888205
-874.1726085901382
-874.1726085878923
-874.1726085916181
-874.172608596729
-874.1726085989501
-874.1726085929946
-874.17260858094
-874.172608568563
-874.1726085511609
-874.1726085359142
-874.1726085231069
-874.17260850371
-874.1726084787085
-874.1726084513645
-874.1726084216293
-874.1726083886618
-874.1726083548351
-874.1726083215407
-874.1726082880015
-874.1726082537215
-874.1726082201812
-874.1726081836576
-874.1726081422436
-874.1726080996594
-874.1726080579687
-874.1726080147287
-874.1726079657609
-874.1726079174487
-874.1726078731398
-874.1726078310928
-874.1726077855933
-874.1726077404154
-874.1726077026652
-874.1726076668035
-874.1726076294887
-874.1726075881282
-874.1726075485187
-874.1726075153933
-874.172607479833
-874.1726074410949
-874.1726074025518
-874.172607364698
-874.1726073328107
-874.1726073073447
-874.1726072752779
-874.1726072341027
-874.1726071936223
-874.1726071530197
-874.1726071127495
-874.1726070750012
-874.1726070355666
-874.1726069977551
-874.1726069620513
-874.1726069274544
-874.1726068995704
-874.1726068715382
-874.1726068391762
-874.1726068000899
-874.1726067628588
-874.1726067298168
-874.1726066932267
-874.1726066494955
-874.1726066030866
-874.1726065612442
-874.1726065231377
-874.1726064861842
-874.1726064400822
-874.1726063846875
-874.1726063266744
-874.172606272008
-874.1726062219351
-874.1726061719226
-874.17260612394
-874.1726060789339
-874.1726060418894
-874.1726060110663
-874.1726059797818
-874.1726059437273
-874.1726059043224
-874.1726058669587
-874.1726058336745
-874.1726057987764
-874.1726057622227
-874.1726057272685
-874.1726056850753
-874.1726056419791
-874.1726056057493
-874.1726055713503
-874.1726055315095
-874.1726054922192
-874.1726054535974
-874.172605406745
-874.1726053542756
-874.1726053038128
-874.1726052575497
-874.1726052076455
-874.1726051580998
-874.1726051150098
-874.172605080065
-874.1726050448001
-874.1726050101538
-874.1726049819354
-874.1726049511959
-874.1726049188649
-874.1726048877005
-874.1726048575492
-874.1726048241101
-874.1726047893877
-874.1726047522437
-874.1726047175877
-874.1726046893896
-874.1726046612014
-874.17260463506
-874.1726046133844
-874.1726045937983
-874.1726045725716
-874.1726045513999
-874.1726045342059
-874.172604524694
-874.1726045232423
-874.1726045285421
-874.1726045405677
-874.1726045566306
-874.1726045736808
-874.172604591656
-874.1726046083812
-874.1726046238257
-874.1726046370167
-874.1726046510674
-874.1726046678534
-874.1726046845779
-874.1726047061331
-874.1726047311711
-874.1726047569219
-874.1726047856783
-874.1726048150526
-874.1726048422346
-874.1726048684418
-874.1726048920319
-874.1726049148219
-874.172604940621
-874.1726049686911
-874.1726050039973
-874.1726050485097
-874.1726050918805
-874.1726051337541
-874.1726051804574
-874.1726052316291
-874.1726052796408
-874.1726053260494
-874.1726053750507
-874.1726054261118
-874.1726054785095
-874.1726055266663
-874.1726055671378
-874.1726056011216
-874.1726056377856
-874.172605676905
-874.1726057134695
-874.1726057460927
-874.1726057799204
-874.172605817483
-874.1726058585563
-874.1726059015217
-874.1726059392726
-874.1726059712677
-874.1726060047423
-874.1726060411265
-874.1726060758944
-874.1726061118839
-874.1726061422684
-874.1726061661434
-874.1726061854779
-874.1726062010437
-874.1726062180934
-874.1726062372738
-874.1726062580426
-874.1726062808389
-874.1726062973331
-874.1726063107042
-874.1726063295603
-874.1726063456018
-874.1726063635749
-874.1726063857507
-874.1726064077403
-874.1726064274212
-874.1726064454874
-874.1726064651833
-874.1726064840858
-874.1726065016045
-874.1726065199721
-874.1726065356638
-874.1726065482007
-874.1726065572337
-874.1726065661153
-874.1726065783271
-874.1726065845098
-874.1726065852969
-874.1726065892669
-874.1726065948127
-874.1726065921038
-874.1726065824641
-874.1726065745586
-874.17260656514
-874.1726065567783
-874.1726065495927
-874.1726065387113
-874.1726065223689
-874.1726065021267
-874.172606483184
-874.1726064585026
-874.1726064288304
-874.1726064026052
-874.1726063750659
-874.172606342064
-874.1726063029562
-874.1726062597415
-874.1726062188455
-874.1726061807024
-874.1726061391811
-874.172606093005
-874.1726060457061
-874.1726059970191
-874.1726059469019
-874.1726058936131
-874.172605836758
-874.1726057801434
-874.1726057209312
-874.1726056590055
-874.1726056000421
-874.1726055417606
-874.1726054781541
-874.1726054136371
-874.1726053509977
-874.1726052906918
-874.1726052318319
-874.1726051692409
-874.1726051096125
-874.1726050546916
-874.1726050003309
-874.1726049441082
-874.17260488555
-874.1726048252126
-874.172604767911
-874.1726047136492
-874.172604659661
-874.1726046043044
-874.1726045404114
-874.172604470423
-874.1726044006953
-874.1726043318479
-874.1726042637187
-874.1726041979031
-874.1726041262204
-874.1726040460776
-874.1726039677718
-874.1726038919769
-874.1726038111691
-874.1726037302717
-874.1726036486019
-874.1726035686698
-874.1726034925663
-874.1726034094858
-874.172603327097
-874.1726032453471
-874.1726031628773
-874.1726030816093
-874.1726030016841
-874.1726029294366
-874.1726028642781
-874.1726028048196
-874.1726027418521
-874.1726026768443
-874.1726026160793
-874.172602562197
-874.1726025113093
-874.1726024581691
-874.1726024109773
-874.1726023701337
-874.1726023273154
-874.1726022833059
-874.1726022367611
-874.1726021807863
-874.172602121205
-874.1726020621616
-874.1726020047843
-874.172601949237
-874.1726018897032
-874.1726018250597
-874.1726017611174
-874.1726016959914
-874.1726016292615
-874.1726015588882
-874.1726014839899
-874.1726014144224
-874.172601347148
-874.1726012826057
-874.1726012195044
-874.1726011525348
-874.1726010898323
-874.1726010307292
-874.1726009683681
-874.1726009007525
-874.1726008282832
-874.17260075725
-874.1726006904082
-874.1726006211168
-874.1726005534499
-874.1726004952284
-874.1726004429437
-874.1726003896806
-874.1726003338532
-874.1726002718929
-874.172600209733
-874.1726001581941
-874.1726001071611
-874.172600054541
-874.1726000048553
-874.1725999534091
-874.1725998968019
-874.1725998380359
-874.172599784126
